x y sdr tke
     0.750000000E+00     0.500002500E-01     0.512345886E+01     0.601739253E-11
     0.750000000E+00     0.500007455E-01     0.943091661E+00     0.166445524E-09
     0.750000000E+00     0.500012409E-01     0.331288472E+00     0.108328768E-08
     0.750000000E+00     0.500017364E-01     0.160335004E+00     0.373335640E-08
     0.750000000E+00     0.500022356E-01     0.928178057E-01     0.928416810E-08
     0.750000000E+00     0.500027310E-01     0.600425322E-01     0.190300167E-07
     0.750000000E+00     0.500032302E-01     0.418459196E-01     0.343700535E-07
     0.750000000E+00     0.500037294E-01     0.307539757E-01     0.567999798E-07
     0.750000000E+00     0.500042323E-01     0.235142037E-01     0.879095587E-07
     0.750000000E+00     0.500047353E-01     0.185362212E-01     0.129383288E-06
     0.750000000E+00     0.500052419E-01     0.149705927E-01     0.183003117E-06
     0.750000000E+00     0.500057485E-01     0.123311598E-01     0.250652491E-06
     0.750000000E+00     0.500062552E-01     0.103238011E-01     0.334321584E-06
     0.750000000E+00     0.500067693E-01     0.876228325E-02     0.436113211E-06
     0.750000000E+00     0.500072834E-01     0.752411690E-02     0.558249525E-06
     0.750000000E+00     0.500078012E-01     0.652610022E-02     0.703079252E-06
     0.750000000E+00     0.500083227E-01     0.571013591E-02     0.873085298E-06
     0.750000000E+00     0.500088480E-01     0.503467093E-02     0.107089266E-05
     0.750000000E+00     0.500093732E-01     0.446935580E-02     0.129927679E-05
     0.750000000E+00     0.500099060E-01     0.399160944E-02     0.156117164E-05
     0.750000000E+00     0.500104424E-01     0.358435209E-02     0.185967792E-05
     0.750000000E+00     0.500109826E-01     0.323447282E-02     0.219807146E-05
     0.750000000E+00     0.500115265E-01     0.293177296E-02     0.257981060E-05
     0.750000000E+00     0.500120778E-01     0.266822381E-02     0.300854310E-05
     0.750000000E+00     0.500126291E-01     0.243743474E-02     0.348811341E-05
     0.750000000E+00     0.500131917E-01     0.223426847E-02     0.402256637E-05
     0.750000000E+00     0.500137542E-01     0.205455709E-02     0.461615196E-05
     0.750000000E+00     0.500143242E-01     0.189489027E-02     0.527332691E-05
     0.750000000E+00     0.500149016E-01     0.175245618E-02     0.599875534E-05
     0.750000000E+00     0.500154827E-01     0.162491907E-02     0.679730374E-05
     0.750000000E+00     0.500160713E-01     0.151032570E-02     0.767403640E-05
     0.750000000E+00     0.500166674E-01     0.140703266E-02     0.863420519E-05
     0.750000000E+00     0.500172671E-01     0.131364842E-02     0.968323502E-05
     0.750000000E+00     0.500178781E-01     0.122898858E-02     0.108267036E-04
     0.750000000E+00     0.500184928E-01     0.115203980E-02     0.120703185E-04
     0.750000000E+00     0.500191149E-01     0.108193036E-02     0.134198854E-04
     0.750000000E+00     0.500197482E-01     0.101790729E-02     0.148812683E-04
     0.750000000E+00     0.500203852E-01     0.959316996E-03     0.164603462E-04
     0.750000000E+00     0.500210334E-01     0.905589783E-03     0.181629621E-04
     0.750000000E+00     0.500216891E-01     0.856227183E-03     0.199948599E-04
     0.750000000E+00     0.500223559E-01     0.810791185E-03     0.219616177E-04
     0.750000000E+00     0.500230302E-01     0.768895668E-03     0.240685749E-04
     0.750000000E+00     0.500237119E-01     0.730198866E-03     0.263207485E-04
     0.750000000E+00     0.500244048E-01     0.694397517E-03     0.287227476E-04
     0.750000000E+00     0.500251089E-01     0.661221420E-03     0.312786833E-04
     0.750000000E+00     0.500258241E-01     0.630429393E-03     0.339920771E-04
     0.750000000E+00     0.500265468E-01     0.601805339E-03     0.368657657E-04
     0.750000000E+00     0.500272807E-01     0.575155340E-03     0.399018136E-04
     0.750000000E+00     0.500280258E-01     0.550304831E-03     0.431014396E-04
     0.750000000E+00     0.500287820E-01     0.527096505E-03     0.464649238E-04
     0.750000000E+00     0.500295531E-01     0.505388249E-03     0.499915550E-04
     0.750000000E+00     0.500303317E-01     0.485051482E-03     0.536795906E-04
     0.750000000E+00     0.500311252E-01     0.465969861E-03     0.575262111E-04
     0.750000000E+00     0.500319336E-01     0.448037812E-03     0.615275203E-04
     0.750000000E+00     0.500327494E-01     0.431159657E-03     0.656785451E-04
     0.750000000E+00     0.500335839E-01     0.415248505E-03     0.699732736E-04
     0.750000000E+00     0.500344295E-01     0.400225457E-03     0.744046956E-04
     0.750000000E+00     0.500352901E-01     0.386018946E-03     0.789648802E-04
     0.750000000E+00     0.500361618E-01     0.372563940E-03     0.836450708E-04
     0.750000000E+00     0.500370521E-01     0.359801415E-03     0.884357651E-04
     0.750000000E+00     0.500379537E-01     0.347677895E-03     0.933268566E-04
     0.750000000E+00     0.500388738E-01     0.336144774E-03     0.983077298E-04
     0.750000000E+00     0.500398089E-01     0.325158049E-03     0.103367412E-03
     0.750000000E+00     0.500407625E-01     0.314677818E-03     0.108494700E-03
     0.750000000E+00     0.500417274E-01     0.304667919E-03     0.113678270E-03
     0.750000000E+00     0.500427146E-01     0.295095597E-03     0.118906824E-03
     0.750000000E+00     0.500437167E-01     0.285931164E-03     0.124169179E-03
     0.750000000E+00     0.500447374E-01     0.277147788E-03     0.129454398E-03
     0.750000000E+00     0.500457731E-01     0.268721065E-03     0.134751841E-03
     0.750000000E+00     0.500468310E-01     0.260628935E-03     0.140051314E-03
     0.750000000E+00     0.500479076E-01     0.252851329E-03     0.145343067E-03
     0.750000000E+00     0.500490029E-01     0.245370073E-03     0.150617874E-03
     0.750000000E+00     0.500501167E-01     0.238168599E-03     0.155867106E-03
     0.750000000E+00     0.500512529E-01     0.231231854E-03     0.161082702E-03
     0.750000000E+00     0.500524078E-01     0.224546086E-03     0.166257239E-03
     0.750000000E+00     0.500535887E-01     0.218098736E-03     0.171383923E-03
     0.750000000E+00     0.500547883E-01     0.211878294E-03     0.176456575E-03
     0.750000000E+00     0.500560101E-01     0.205874217E-03     0.181469652E-03
     0.750000000E+00     0.500572544E-01     0.200076793E-03     0.186418220E-03
     0.750000000E+00     0.500585210E-01     0.194474807E-03     0.191299972E-03
     0.750000000E+00     0.500598137E-01     0.189056060E-03     0.196115041E-03
     0.750000000E+00     0.500611287E-01     0.183810538E-03     0.200861570E-03
     0.750000000E+00     0.500624698E-01     0.178730086E-03     0.205536155E-03
     0.750000000E+00     0.500638370E-01     0.173807377E-03     0.210135455E-03
     0.750000000E+00     0.500652302E-01     0.169035702E-03     0.214656393E-03
     0.750000000E+00     0.500666496E-01     0.164408826E-03     0.219096262E-03
     0.750000000E+00     0.500680950E-01     0.159921023E-03     0.223452662E-03
     0.750000000E+00     0.500695665E-01     0.155566937E-03     0.227723533E-03
     0.750000000E+00     0.500710715E-01     0.151341606E-03     0.231907128E-03
     0.750000000E+00     0.500725989E-01     0.147240404E-03     0.236002008E-03
     0.750000000E+00     0.500741598E-01     0.143258985E-03     0.240007015E-03
     0.750000000E+00     0.500757505E-01     0.139393276E-03     0.243921269E-03
     0.750000000E+00     0.500773747E-01     0.135639435E-03     0.247744116E-03
     0.750000000E+00     0.500790250E-01     0.131993846E-03     0.251475212E-03
     0.750000000E+00     0.500807125E-01     0.128453074E-03     0.255114384E-03
     0.750000000E+00     0.500824299E-01     0.125013867E-03     0.258661632E-03
     0.750000000E+00     0.500841808E-01     0.121673111E-03     0.262117261E-03
     0.750000000E+00     0.500859652E-01     0.118427844E-03     0.265481620E-03
     0.750000000E+00     0.500877869E-01     0.115275227E-03     0.268755335E-03
     0.750000000E+00     0.500896421E-01     0.112212536E-03     0.271939090E-03
     0.750000000E+00     0.500915345E-01     0.109237149E-03     0.275033773E-03
     0.750000000E+00     0.500934642E-01     0.106346539E-03     0.278040316E-03
     0.750000000E+00     0.500954349E-01     0.103538256E-03     0.280959808E-03
     0.750000000E+00     0.500974391E-01     0.100809935E-03     0.283793430E-03
     0.750000000E+00     0.500994880E-01     0.981592893E-04     0.286542432E-03
     0.750000000E+00     0.501015742E-01     0.955841024E-04     0.289208081E-03
     0.750000000E+00     0.501037013E-01     0.930822243E-04     0.291791759E-03
     0.750000000E+00     0.501058732E-01     0.906515670E-04     0.294294892E-03
     0.750000000E+00     0.501080860E-01     0.882900931E-04     0.296718892E-03
     0.750000000E+00     0.501103435E-01     0.859958382E-04     0.299065272E-03
     0.750000000E+00     0.501126457E-01     0.837668740E-04     0.301335502E-03
     0.750000000E+00     0.501149927E-01     0.816013271E-04     0.303531080E-03
     0.750000000E+00     0.501173880E-01     0.794973857E-04     0.305653579E-03
     0.750000000E+00     0.501198318E-01     0.774532709E-04     0.307704482E-03
     0.750000000E+00     0.501223240E-01     0.754672546E-04     0.309685303E-03
     0.750000000E+00     0.501248647E-01     0.735376561E-04     0.311597571E-03
     0.750000000E+00     0.501274575E-01     0.716628383E-04     0.313442768E-03
     0.750000000E+00     0.501300987E-01     0.698412005E-04     0.315222394E-03
     0.750000000E+00     0.501327958E-01     0.680712001E-04     0.316937891E-03
     0.750000000E+00     0.501355488E-01     0.663513201E-04     0.318590683E-03
     0.750000000E+00     0.501383540E-01     0.646800945E-04     0.320182226E-03
     0.750000000E+00     0.501412150E-01     0.630560935E-04     0.321713873E-03
     0.750000000E+00     0.501441356E-01     0.614779237E-04     0.323186978E-03
     0.750000000E+00     0.501471121E-01     0.599442392E-04     0.324602908E-03
     0.750000000E+00     0.501501520E-01     0.584537265E-04     0.325962901E-03
     0.750000000E+00     0.501532514E-01     0.570051125E-04     0.327268252E-03
     0.750000000E+00     0.501564104E-01     0.555971619E-04     0.328520182E-03
     0.750000000E+00     0.501596365E-01     0.542286762E-04     0.329719900E-03
     0.750000000E+00     0.501629260E-01     0.528984910E-04     0.330868555E-03
     0.750000000E+00     0.501662825E-01     0.516054788E-04     0.331967312E-03
     0.750000000E+00     0.501697060E-01     0.503485462E-04     0.333017277E-03
     0.750000000E+00     0.501732003E-01     0.491266164E-04     0.334019511E-03
     0.750000000E+00     0.501767617E-01     0.479386308E-04     0.334975048E-03
     0.750000000E+00     0.501803976E-01     0.467835271E-04     0.335884964E-03
     0.750000000E+00     0.501841080E-01     0.456601847E-04     0.336750221E-03
     0.750000000E+00     0.501878929E-01     0.445675469E-04     0.337571706E-03
     0.750000000E+00     0.501917523E-01     0.435046713E-04     0.338350161E-03
     0.750000000E+00     0.501956899E-01     0.424706286E-04     0.339086269E-03
     0.750000000E+00     0.501997058E-01     0.414644801E-04     0.339780716E-03
     0.750000000E+00     0.502038073E-01     0.404853145E-04     0.340434068E-03
     0.750000000E+00     0.502079871E-01     0.395322877E-04     0.341046878E-03
     0.750000000E+00     0.502122526E-01     0.386046104E-04     0.341619598E-03
     0.750000000E+00     0.502166074E-01     0.377015167E-04     0.342152664E-03
     0.750000000E+00     0.502210480E-01     0.368222718E-04     0.342646541E-03
     0.750000000E+00     0.502255779E-01     0.359661626E-04     0.343101608E-03
     0.750000000E+00     0.502302010E-01     0.351324925E-04     0.343518273E-03
     0.750000000E+00     0.502349172E-01     0.343206029E-04     0.343896900E-03
     0.750000000E+00     0.502397266E-01     0.335298428E-04     0.344237880E-03
     0.750000000E+00     0.502446365E-01     0.327595935E-04     0.344541520E-03
     0.750000000E+00     0.502496470E-01     0.320092513E-04     0.344808184E-03
     0.750000000E+00     0.502547581E-01     0.312782340E-04     0.345038134E-03
     0.750000000E+00     0.502599698E-01     0.305659778E-04     0.345231689E-03
     0.750000000E+00     0.502652895E-01     0.298719378E-04     0.345389111E-03
     0.750000000E+00     0.502707172E-01     0.291955876E-04     0.345510707E-03
     0.750000000E+00     0.502762530E-01     0.285364176E-04     0.345596651E-03
     0.750000000E+00     0.502819043E-01     0.278939360E-04     0.345647248E-03
     0.750000000E+00     0.502876711E-01     0.272676643E-04     0.345662687E-03
     0.750000000E+00     0.502935496E-01     0.266571442E-04     0.345643188E-03
     0.750000000E+00     0.502995510E-01     0.260619281E-04     0.345588924E-03
     0.750000000E+00     0.503056754E-01     0.254815877E-04     0.345500099E-03
     0.750000000E+00     0.503119227E-01     0.249157047E-04     0.345376902E-03
     0.750000000E+00     0.503182967E-01     0.243638760E-04     0.345219494E-03
     0.750000000E+00     0.503248010E-01     0.238257153E-04     0.345028020E-03
     0.750000000E+00     0.503314358E-01     0.233008132E-04     0.344802611E-03
     0.750000000E+00     0.503382083E-01     0.227887576E-04     0.344543325E-03
     0.750000000E+00     0.503451150E-01     0.222891658E-04     0.344250220E-03
     0.750000000E+00     0.503521633E-01     0.218016767E-04     0.343923282E-03
     0.750000000E+00     0.503593568E-01     0.213259464E-04     0.343562511E-03
     0.750000000E+00     0.503666919E-01     0.208616248E-04     0.343167849E-03
     0.750000000E+00     0.503741797E-01     0.204083372E-04     0.342739193E-03
     0.750000000E+00     0.503818203E-01     0.199657188E-04     0.342276326E-03
     0.750000000E+00     0.503896136E-01     0.195334369E-04     0.341779029E-03
     0.750000000E+00     0.503975671E-01     0.191111749E-04     0.341247040E-03
     0.750000000E+00     0.504056808E-01     0.186986363E-04     0.340680126E-03
     0.750000000E+00     0.504139621E-01     0.182955355E-04     0.340077953E-03
     0.750000000E+00     0.504224111E-01     0.179015942E-04     0.339440245E-03
     0.750000000E+00     0.504310314E-01     0.175165505E-04     0.338766709E-03
     0.750000000E+00     0.504398268E-01     0.171401471E-04     0.338057085E-03
     0.750000000E+00     0.504488010E-01     0.167721337E-04     0.337311023E-03
     0.750000000E+00     0.504579578E-01     0.164122748E-04     0.336528246E-03
     0.750000000E+00     0.504673008E-01     0.160603349E-04     0.335708450E-03
     0.750000000E+00     0.504768338E-01     0.157160912E-04     0.334851327E-03
     0.750000000E+00     0.504865606E-01     0.153793244E-04     0.333956574E-03
     0.750000000E+00     0.504964847E-01     0.150498227E-04     0.333023912E-03
     0.750000000E+00     0.505066138E-01     0.147273800E-04     0.332052994E-03
     0.750000000E+00     0.505169440E-01     0.144117980E-04     0.331043513E-03
     0.750000000E+00     0.505274903E-01     0.141028809E-04     0.329995208E-03
     0.750000000E+00     0.505382453E-01     0.138004416E-04     0.328907714E-03
     0.750000000E+00     0.505492237E-01     0.135042960E-04     0.327780741E-03
     0.750000000E+00     0.505604219E-01     0.132142673E-04     0.326613968E-03
     0.750000000E+00     0.505718511E-01     0.129301825E-04     0.325407091E-03
     0.750000000E+00     0.505835113E-01     0.126518753E-04     0.324159788E-03
     0.750000000E+00     0.505954098E-01     0.123791824E-04     0.322871769E-03
     0.750000000E+00     0.506075506E-01     0.121119465E-04     0.321542728E-03
     0.750000000E+00     0.506199409E-01     0.118500152E-04     0.320172345E-03
     0.750000000E+00     0.506325771E-01     0.115932398E-04     0.318760358E-03
     0.750000000E+00     0.506454740E-01     0.113414776E-04     0.317306447E-03
     0.750000000E+00     0.506586355E-01     0.110945889E-04     0.315810365E-03
     0.750000000E+00     0.506720614E-01     0.108524400E-04     0.314271849E-03
     0.750000000E+00     0.506857630E-01     0.106148991E-04     0.312690667E-03
     0.750000000E+00     0.506997440E-01     0.103818415E-04     0.311066542E-03
     0.750000000E+00     0.507140082E-01     0.101531446E-04     0.309399315E-03
     0.750000000E+00     0.507285629E-01     0.992868945E-05     0.307688751E-03
     0.750000000E+00     0.507434156E-01     0.970836300E-05     0.305934707E-03
     0.750000000E+00     0.507585664E-01     0.949205514E-05     0.304137022E-03
     0.750000000E+00     0.507740301E-01     0.927965948E-05     0.302295564E-03
     0.750000000E+00     0.507898067E-01     0.907107369E-05     0.300410262E-03
     0.750000000E+00     0.508059074E-01     0.886619773E-05     0.298481027E-03
     0.750000000E+00     0.508223322E-01     0.866493838E-05     0.296507846E-03
     0.750000000E+00     0.508390922E-01     0.846720286E-05     0.294490717E-03
     0.750000000E+00     0.508561951E-01     0.827290432E-05     0.292429700E-03
     0.750000000E+00     0.508736443E-01     0.808195773E-05     0.290324868E-03
     0.750000000E+00     0.508914512E-01     0.789428304E-05     0.288176350E-03
     0.750000000E+00     0.509096194E-01     0.770980341E-05     0.285984323E-03
     0.750000000E+00     0.509281565E-01     0.752844449E-05     0.283749017E-03
     0.750000000E+00     0.509470735E-01     0.735013714E-05     0.281470697E-03
     0.750000000E+00     0.509663742E-01     0.717481475E-05     0.279149710E-03
     0.750000000E+00     0.509860661E-01     0.700241458E-05     0.276786435E-03
     0.750000000E+00     0.510061641E-01     0.683287749E-05     0.274381368E-03
     0.750000000E+00     0.510266681E-01     0.666614733E-05     0.271934972E-03
     0.750000000E+00     0.510475893E-01     0.650217316E-05     0.269447904E-03
     0.750000000E+00     0.510689389E-01     0.634090611E-05     0.266920804E-03
     0.750000000E+00     0.510907207E-01     0.618230229E-05     0.264354414E-03
     0.750000000E+00     0.511129458E-01     0.602632122E-05     0.261749607E-03
     0.750000000E+00     0.511356254E-01     0.587292675E-05     0.259107284E-03
     0.750000000E+00     0.511587669E-01     0.572208683E-05     0.256428524E-03
     0.750000000E+00     0.511823815E-01     0.557377371E-05     0.253714417E-03
     0.750000000E+00     0.512064729E-01     0.542796465E-05     0.250966274E-03
     0.750000000E+00     0.512310598E-01     0.528464125E-05     0.248185461E-03
     0.750000000E+00     0.512561459E-01     0.514379053E-05     0.245373521E-03
     0.750000000E+00     0.512817387E-01     0.500540477E-05     0.242532158E-03
     0.750000000E+00     0.513078567E-01     0.486948125E-05     0.239663190E-03
     0.750000000E+00     0.513345074E-01     0.473602381E-05     0.236768676E-03
     0.750000000E+00     0.513616983E-01     0.460504202E-05     0.233850835E-03
     0.750000000E+00     0.513894443E-01     0.447655066E-05     0.230912090E-03
     0.750000000E+00     0.514177565E-01     0.435057109E-05     0.227955097E-03
     0.750000000E+00     0.514466461E-01     0.422713015E-05     0.224982701E-03
     0.750000000E+00     0.514761206E-01     0.410625989E-05     0.221997987E-03
     0.750000000E+00     0.515061986E-01     0.398799716E-05     0.219004251E-03
     0.750000000E+00     0.515368875E-01     0.387238197E-05     0.216004999E-03
     0.750000000E+00     0.515682023E-01     0.375945729E-05     0.213003885E-03
     0.750000000E+00     0.516001579E-01     0.364926723E-05     0.210004742E-03
     0.750000000E+00     0.516327616E-01     0.354185511E-05     0.207011479E-03
     0.750000000E+00     0.516660285E-01     0.343726174E-05     0.204028067E-03
     0.750000000E+00     0.516999733E-01     0.333552350E-05     0.201058436E-03
     0.750000000E+00     0.517346111E-01     0.323666961E-05     0.198106434E-03
     0.750000000E+00     0.517699529E-01     0.314072111E-05     0.195175715E-03
     0.750000000E+00     0.518060174E-01     0.304768821E-05     0.192269697E-03
     0.750000000E+00     0.518428121E-01     0.295756809E-05     0.189391423E-03
     0.750000000E+00     0.518803593E-01     0.287034481E-05     0.186543526E-03
     0.750000000E+00     0.519186702E-01     0.278598702E-05     0.183728116E-03
     0.750000000E+00     0.519577634E-01     0.270444741E-05     0.180946699E-03
     0.750000000E+00     0.519976538E-01     0.262566209E-05     0.178200113E-03
     0.750000000E+00     0.520383526E-01     0.254955000E-05     0.175488407E-03
     0.750000000E+00     0.520798821E-01     0.247600985E-05     0.172810680E-03
     0.750000000E+00     0.521222610E-01     0.240490806E-05     0.170164509E-03
     0.750000000E+00     0.521655005E-01     0.233611218E-05     0.167547209E-03
     0.750000000E+00     0.522096191E-01     0.226951613E-05     0.164956764E-03
     0.750000000E+00     0.522546392E-01     0.220501875E-05     0.162391087E-03
     0.750000000E+00     0.523005758E-01     0.214254953E-05     0.159849209E-03
     0.750000000E+00     0.523474474E-01     0.208207007E-05     0.157331328E-03
     0.750000000E+00     0.523952727E-01     0.202354215E-05     0.154837609E-03
     0.750000000E+00     0.524440740E-01     0.196692804E-05     0.152368193E-03
     0.750000000E+00     0.524938699E-01     0.191219021E-05     0.149923188E-03
     0.750000000E+00     0.525446829E-01     0.185929161E-05     0.147502666E-03
     0.750000000E+00     0.525965277E-01     0.180819529E-05     0.145106656E-03
     0.750000000E+00     0.526494269E-01     0.175886441E-05     0.142735145E-03
     0.750000000E+00     0.527034063E-01     0.171126214E-05     0.140388038E-03
     0.750000000E+00     0.527584847E-01     0.166535165E-05     0.138065210E-03
     0.750000000E+00     0.528146845E-01     0.162109598E-05     0.135766444E-03
     0.750000000E+00     0.528720316E-01     0.157845824E-05     0.133491470E-03
     0.750000000E+00     0.529305447E-01     0.153740137E-05     0.131239904E-03
     0.750000000E+00     0.529902500E-01     0.149788804E-05     0.129011321E-03
     0.750000000E+00     0.530511734E-01     0.145988099E-05     0.126805186E-03
     0.750000000E+00     0.531133373E-01     0.142334261E-05     0.124620863E-03
     0.750000000E+00     0.531767678E-01     0.138823538E-05     0.122457648E-03
     0.750000000E+00     0.532414873E-01     0.135452132E-05     0.120314711E-03
     0.750000000E+00     0.533075292E-01     0.132216252E-05     0.118191139E-03
     0.750000000E+00     0.533749160E-01     0.129112090E-05     0.116085910E-03
     0.750000000E+00     0.534436737E-01     0.126135819E-05     0.113997896E-03
     0.750000000E+00     0.535138321E-01     0.123283598E-05     0.111925863E-03
     0.750000000E+00     0.535854210E-01     0.120551573E-05     0.109868459E-03
     0.750000000E+00     0.536584702E-01     0.117935900E-05     0.107824224E-03
     0.750000000E+00     0.537330058E-01     0.115432675E-05     0.105791583E-03
     0.750000000E+00     0.538090576E-01     0.113038016E-05     0.103768849E-03
     0.750000000E+00     0.538866628E-01     0.110748022E-05     0.101754209E-03
     0.750000000E+00     0.539658476E-01     0.108558760E-05     0.997457319E-04
     0.750000000E+00     0.540466454E-01     0.106466280E-05     0.977413692E-04
     0.750000000E+00     0.541290898E-01     0.104466631E-05     0.957389457E-04
     0.750000000E+00     0.542132106E-01     0.102555811E-05     0.937361619E-04
     0.750000000E+00     0.542990487E-01     0.100729807E-05     0.917305915E-04
     0.750000000E+00     0.543866340E-01     0.989845717E-06     0.897196878E-04
     0.750000000E+00     0.544760038E-01     0.973160184E-06     0.877007697E-04
     0.750000000E+00     0.545671951E-01     0.957200200E-06     0.856710358E-04
     0.750000000E+00     0.546602454E-01     0.941924156E-06     0.836275540E-04
     0.750000000E+00     0.547551882E-01     0.927290046E-06     0.815672684E-04
     0.750000000E+00     0.548520681E-01     0.913255263E-06     0.794870066E-04
     0.750000000E+00     0.549509187E-01     0.899776950E-06     0.773834836E-04
     0.750000000E+00     0.550517846E-01     0.886811847E-06     0.752533051E-04
     0.750000000E+00     0.551547069E-01     0.874316555E-06     0.730929896E-04
     0.750000000E+00     0.552597229E-01     0.862247759E-06     0.708989974E-04
     0.750000000E+00     0.553668809E-01     0.850562770E-06     0.686677704E-04
     0.750000000E+00     0.554762219E-01     0.839220093E-06     0.663957799E-04
     0.750000000E+00     0.555877906E-01     0.828180191E-06     0.640796316E-04
     0.750000000E+00     0.557016317E-01     0.817406573E-06     0.617161786E-04
     0.750000000E+00     0.558177900E-01     0.806866638E-06     0.593026562E-04
     0.750000000E+00     0.559363176E-01     0.796532390E-06     0.568368851E-04
     0.750000000E+00     0.560572591E-01     0.786380184E-06     0.543174192E-04
     0.750000000E+00     0.561806631E-01     0.776389186E-06     0.517436911E-04
     0.750000000E+00     0.563065816E-01     0.766538250E-06     0.491160645E-04
     0.750000000E+00     0.564350669E-01     0.756800716E-06     0.464357254E-04
     0.750000000E+00     0.565661710E-01     0.747138330E-06     0.437044309E-04
     0.750000000E+00     0.566999425E-01     0.737617654E-06     0.409341501E-04
     0.750000000E+00     0.568364408E-01     0.728273847E-06     0.381400569E-04
     0.750000000E+00     0.569757220E-01     0.719004248E-06     0.353283376E-04
     0.750000000E+00     0.571178381E-01     0.709636140E-06     0.325001965E-04
     0.750000000E+00     0.572628525E-01     0.699909407E-06     0.296504277E-04
     0.750000000E+00     0.574108173E-01     0.689469573E-06     0.267694431E-04
     0.750000000E+00     0.575617995E-01     0.677886646E-06     0.238504708E-04
     0.750000000E+00     0.577158552E-01     0.664661428E-06     0.208963847E-04
     0.750000000E+00     0.578730513E-01     0.649182084E-06     0.179222616E-04
     0.750000000E+00     0.580334511E-01     0.630623447E-06     0.149558091E-04
     0.750000000E+00     0.581971143E-01     0.607780066E-06     0.120389054E-04
     0.750000000E+00     0.583641153E-01     0.578789610E-06     0.923147081E-05
     0.750000000E+00     0.585345175E-01     0.540660011E-06     0.661728313E-05
     0.750000000E+00     0.587083917E-01     0.488549318E-06     0.430939622E-05
     0.750000000E+00     0.588858087E-01     0.415440269E-06     0.244579439E-05
     0.750000000E+00     0.590668392E-01     0.316341797E-06     0.114904697E-05
     0.750000000E+00     0.592515614E-01     0.203041921E-06     0.428662119E-06
     0.750000000E+00     0.594400425E-01     0.107006951E-06     0.124362675E-06
     0.750000000E+00     0.596323643E-01     0.508133873E-07     0.264585918E-07
     0.750000000E+00     0.598286052E-01     0.315902682E-07     0.434245251E-08
     0.750000000E+00     0.600288432E-01     0.272689436E-07     0.662287031E-09
     0.750000000E+00     0.602331605E-01     0.260752913E-07     0.137510479E-09
     0.750000000E+00     0.604416427E-01     0.253900492E-07     0.675936529E-10
     0.750000000E+00     0.606543679E-01     0.248660292E-07     0.585450299E-10
     0.750000000E+00     0.608714331E-01     0.241367655E-07     0.572045779E-10
     0.750000000E+00     0.610929165E-01     0.233421442E-07     0.567985901E-10
     0.750000000E+00     0.613189113E-01     0.225596830E-07     0.565078002E-10
     0.750000000E+00     0.615495105E-01     0.218007070E-07     0.562385572E-10
     0.750000000E+00     0.617848110E-01     0.210667173E-07     0.559812093E-10
     0.750000000E+00     0.620249022E-01     0.203578896E-07     0.557352376E-10
     0.750000000E+00     0.622698848E-01     0.196741556E-07     0.555009545E-10
     0.750000000E+00     0.625198629E-01     0.190153324E-07     0.552786220E-10
     0.750000000E+00     0.627749261E-01     0.183811553E-07     0.550683804E-10
     0.750000000E+00     0.630351898E-01     0.177712938E-07     0.548702247E-10
     0.750000000E+00     0.633007583E-01     0.171853589E-07     0.546840160E-10
     0.750000000E+00     0.635717359E-01     0.166229235E-07     0.545094768E-10
     0.750000000E+00     0.638482344E-01     0.160835194E-07     0.543461959E-10
     0.750000000E+00     0.641303581E-01     0.155666555E-07     0.541936340E-10
     0.750000000E+00     0.644182410E-01     0.150718158E-07     0.540511212E-10
     0.750000000E+00     0.647119802E-01     0.145984718E-07     0.539178806E-10
     0.750000000E+00     0.650117096E-01     0.141460803E-07     0.537930377E-10
     0.750000000E+00     0.653175410E-01     0.137140916E-07     0.536756316E-10
     0.750000000E+00     0.656296086E-01     0.133019507E-07     0.535646597E-10
     0.750000000E+00     0.659480315E-01     0.129091031E-07     0.534591000E-10
     0.750000000E+00     0.662729364E-01     0.125349948E-07     0.533579517E-10
     0.750000000E+00     0.666044649E-01     0.121790773E-07     0.532602903E-10
     0.750000000E+00     0.669427511E-01     0.118408114E-07     0.531653020E-10
     0.750000000E+00     0.672879216E-01     0.115196661E-07     0.530723347E-10
     0.750000000E+00     0.676401329E-01     0.112151230E-07     0.529809391E-10
     0.750000000E+00     0.679995116E-01     0.109266782E-07     0.528908792E-10
     0.750000000E+00     0.683662143E-01     0.106538400E-07     0.528021411E-10
     0.750000000E+00     0.687403899E-01     0.103961324E-07     0.527149279E-10
     0.750000000E+00     0.691221875E-01     0.101530890E-07     0.526296073E-10
     0.750000000E+00     0.695117634E-01     0.992425519E-08     0.525466788E-10
     0.750000000E+00     0.699092742E-01     0.970918279E-08     0.524666942E-10
     0.750000000E+00     0.703148913E-01     0.950742685E-08     0.523902102E-10
     0.750000000E+00     0.707287636E-01     0.931854371E-08     0.523177161E-10
     0.750000000E+00     0.711510700E-01     0.914208620E-08     0.522496057E-10
     0.750000000E+00     0.715819817E-01     0.897759378E-08     0.521861391E-10
     0.750000000E+00     0.720216703E-01     0.882459927E-08     0.521274291E-10
     0.750000000E+00     0.724703219E-01     0.868261996E-08     0.520734636E-10
     0.750000000E+00     0.729281079E-01     0.855115845E-08     0.520241107E-10
     0.750000000E+00     0.733952221E-01     0.842970316E-08     0.519791432E-10
     0.750000000E+00     0.738718506E-01     0.831772651E-08     0.519382731E-10
     0.750000000E+00     0.743581947E-01     0.821469426E-08     0.519011657E-10
     0.750000000E+00     0.748544406E-01     0.812006329E-08     0.518674739E-10
     0.750000000E+00     0.753607970E-01     0.803329758E-08     0.518368421E-10
     0.750000000E+00     0.758774724E-01     0.795386734E-08     0.518089373E-10
     0.750000000E+00     0.764046755E-01     0.788126320E-08     0.517834369E-10
     0.750000000E+00     0.769426149E-01     0.781499798E-08     0.517600598E-10
     0.750000000E+00     0.774915215E-01     0.775461251E-08     0.517385492E-10
     0.750000000E+00     0.780516040E-01     0.769967867E-08     0.517186779E-10
     0.750000000E+00     0.786231008E-01     0.764979768E-08     0.517002535E-10
     0.750000000E+00     0.792062354E-01     0.760460184E-08     0.516831005E-10
     0.750000000E+00     0.798012536E-01     0.756375051E-08     0.516670717E-10
     0.750000000E+00     0.804083940E-01     0.752693063E-08     0.516520316E-10
     0.750000000E+00     0.810279023E-01     0.749385487E-08     0.516378607E-10
     0.750000000E+00     0.816600319E-01     0.746425899E-08     0.516244582E-10
     0.750000000E+00     0.823050436E-01     0.743790451E-08     0.516117270E-10
     0.750000000E+00     0.829631981E-01     0.741457473E-08     0.515995770E-10
     0.750000000E+00     0.836347562E-01     0.739407935E-08     0.515879318E-10
     0.750000000E+00     0.843199935E-01     0.737625316E-08     0.515767203E-10
     0.750000000E+00     0.850191933E-01     0.736096228E-08     0.515658748E-10
     0.750000000E+00     0.857326385E-01     0.734811478E-08     0.515553364E-10
     0.750000000E+00     0.864606198E-01     0.733768934E-08     0.515450547E-10
     0.750000000E+00     0.872034278E-01     0.732982652E-08     0.515349829E-10
     0.750000000E+00     0.879613754E-01     0.732563876E-08     0.515250967E-10
     0.750000000E+00     0.887347605E-01     0.732490668E-08     0.515152816E-10
     0.750000000E+00     0.895239037E-01     0.732428185E-08     0.515052775E-10
     0.750000000E+00     0.903291252E-01     0.732364991E-08     0.514950669E-10
     0.750000000E+00     0.911507454E-01     0.732300731E-08     0.514846429E-10
     0.750000000E+00     0.919891145E-01     0.732235295E-08     0.514739952E-10
     0.750000000E+00     0.928445529E-01     0.732168570E-08     0.514631116E-10
     0.750000000E+00     0.937174257E-01     0.732100491E-08     0.514519868E-10
     0.750000000E+00     0.946080830E-01     0.732030969E-08     0.514406105E-10
     0.750000000E+00     0.955168825E-01     0.731959937E-08     0.514289705E-10
     0.750000000E+00     0.964441967E-01     0.731887284E-08     0.514170581E-10
     0.750000000E+00     0.973903980E-01     0.731812966E-08     0.514048630E-10
     0.750000000E+00     0.983558815E-01     0.731736871E-08     0.513923747E-10
     0.750000000E+00     0.993410420E-01     0.731658978E-08     0.513795811E-10
     0.750000000E+00     0.100346259E+00     0.731579131E-08     0.513664718E-10
     0.750000000E+00     0.101371966E+00     0.731497285E-08     0.513530329E-10
     0.750000000E+00     0.102418564E+00     0.731413352E-08     0.513392575E-10
     0.750000000E+00     0.103486485E+00     0.731327265E-08     0.513251282E-10
     0.750000000E+00     0.104576170E+00     0.731238914E-08     0.513106346E-10
     0.750000000E+00     0.105688043E+00     0.731148253E-08     0.512957645E-10
     0.750000000E+00     0.106822580E+00     0.731055150E-08     0.512805007E-10
     0.750000000E+00     0.107980221E+00     0.730959537E-08     0.512648327E-10
     0.750000000E+00     0.109161451E+00     0.730861283E-08     0.512487448E-10
     0.750000000E+00     0.110366746E+00     0.730760363E-08     0.512322216E-10
     0.750000000E+00     0.111596599E+00     0.730656602E-08     0.512152473E-10
     0.750000000E+00     0.112851500E+00     0.730549909E-08     0.511978029E-10
     0.750000000E+00     0.114131979E+00     0.730440197E-08     0.511798780E-10
     0.750000000E+00     0.115438535E+00     0.730327376E-08     0.511614501E-10
     0.750000000E+00     0.116771713E+00     0.730211291E-08     0.511425034E-10
     0.750000000E+00     0.118132054E+00     0.730091831E-08     0.511230207E-10
     0.750000000E+00     0.119520105E+00     0.729968908E-08     0.511029830E-10
     0.750000000E+00     0.120936438E+00     0.729842364E-08     0.510823710E-10
     0.750000000E+00     0.122381620E+00     0.729712091E-08     0.510611622E-10
     0.750000000E+00     0.123856254E+00     0.729577931E-08     0.510393377E-10
     0.750000000E+00     0.125360921E+00     0.729439753E-08     0.510168730E-10
     0.750000000E+00     0.126896247E+00     0.729297422E-08     0.509937474E-10
     0.750000000E+00     0.128462851E+00     0.729150762E-08     0.509699366E-10
     0.750000000E+00     0.130061373E+00     0.728999661E-08     0.509454163E-10
     0.750000000E+00     0.131692469E+00     0.728843896E-08     0.509201604E-10
     0.750000000E+00     0.133356779E+00     0.728683336E-08     0.508941431E-10
     0.750000000E+00     0.135055005E+00     0.728517757E-08     0.508673329E-10
     0.750000000E+00     0.136787831E+00     0.728347027E-08     0.508397057E-10
     0.750000000E+00     0.138555959E+00     0.728170946E-08     0.508112302E-10
     0.750000000E+00     0.140360117E+00     0.727989291E-08     0.507818752E-10
     0.750000000E+00     0.142201021E+00     0.727801863E-08     0.507516078E-10
     0.750000000E+00     0.144079417E+00     0.727608462E-08     0.507203949E-10
     0.750000000E+00     0.145996093E+00     0.727408822E-08     0.506882002E-10
     0.750000000E+00     0.147951826E+00     0.727202742E-08     0.506549889E-10
     0.750000000E+00     0.149947405E+00     0.726989935E-08     0.506207229E-10
     0.750000000E+00     0.151983618E+00     0.726770222E-08     0.505853606E-10
     0.750000000E+00     0.154061332E+00     0.726543270E-08     0.505488637E-10
     0.750000000E+00     0.156181380E+00     0.726308791E-08     0.505111872E-10
     0.750000000E+00     0.158344596E+00     0.726066518E-08     0.504722826E-10
     0.750000000E+00     0.160551905E+00     0.725816118E-08     0.504321047E-10
     0.750000000E+00     0.162804171E+00     0.725557281E-08     0.503906049E-10
     0.750000000E+00     0.165102333E+00     0.725289673E-08     0.503477277E-10
     0.750000000E+00     0.167447313E+00     0.725012939E-08     0.503034212E-10
     0.750000000E+00     0.169840067E+00     0.724726701E-08     0.502576314E-10
     0.750000000E+00     0.172281563E+00     0.724430582E-08     0.502102995E-10
     0.750000000E+00     0.174772799E+00     0.724124183E-08     0.501613612E-10
     0.750000000E+00     0.177314788E+00     0.723807081E-08     0.501107558E-10
     0.750000000E+00     0.179908573E+00     0.723478832E-08     0.500584140E-10
     0.750000000E+00     0.182555198E+00     0.723138904E-08     0.500042612E-10
     0.750000000E+00     0.185255751E+00     0.722786830E-08     0.499482122E-10
     0.750000000E+00     0.188011303E+00     0.722422011E-08     0.498901909E-10
     0.750000000E+00     0.190823003E+00     0.722043869E-08     0.498301071E-10
     0.750000000E+00     0.193691998E+00     0.721651827E-08     0.497678652E-10
     0.750000000E+00     0.196619421E+00     0.721245197E-08     0.497033751E-10
     0.750000000E+00     0.199606493E+00     0.720823312E-08     0.496365293E-10
     0.750000000E+00     0.202654436E+00     0.720385485E-08     0.495672236E-10
     0.750000000E+00     0.205764457E+00     0.719930937E-08     0.494953436E-10
     0.750000000E+00     0.208937838E+00     0.719458804E-08     0.494207678E-10
     0.750000000E+00     0.212175876E+00     0.718968263E-08     0.493433645E-10
     0.750000000E+00     0.215479880E+00     0.718458359E-08     0.492629930E-10
     0.750000000E+00     0.218851193E+00     0.717928028E-08     0.491795060E-10
     0.750000000E+00     0.222291201E+00     0.717376269E-08     0.490927420E-10
     0.750000000E+00     0.225801289E+00     0.716801840E-08     0.490025277E-10
     0.750000000E+00     0.229382887E+00     0.716203519E-08     0.489086757E-10
     0.750000000E+00     0.233037442E+00     0.715579862E-08     0.488109830E-10
     0.750000000E+00     0.236766457E+00     0.714929360E-08     0.487092242E-10
     0.750000000E+00     0.240571454E+00     0.714250326E-08     0.486031562E-10
     0.750000000E+00     0.244453966E+00     0.713540915E-08     0.484925034E-10
     0.750000000E+00     0.248415559E+00     0.712799064E-08     0.483769639E-10
     0.750000000E+00     0.252457872E+00     0.712022397E-08     0.482562011E-10
     0.750000000E+00     0.256582543E+00     0.711208270E-08     0.481298248E-10
     0.750000000E+00     0.260791257E+00     0.710353687E-08     0.479974029E-10
     0.750000000E+00     0.265085712E+00     0.709455161E-08     0.478584221E-10
     0.750000000E+00     0.269467637E+00     0.708508563E-08     0.477122907E-10
     0.750000000E+00     0.273938849E+00     0.707508963E-08     0.475582924E-10
     0.750000000E+00     0.278501138E+00     0.706450365E-08     0.473955493E-10
     0.750000000E+00     0.283156380E+00     0.705325109E-08     0.472229512E-10
     0.750000000E+00     0.287906482E+00     0.704123004E-08     0.470390116E-10
     0.750000000E+00     0.292753353E+00     0.702829639E-08     0.468416209E-10
     0.750000000E+00     0.297698959E+00     0.701423164E-08     0.466275681E-10
     0.750000000E+00     0.302745327E+00     0.699864255E-08     0.463910473E-10
     0.750000000E+00     0.307894483E+00     0.698014446E-08     0.461114289E-10
     0.750000000E+00     0.313148573E+00     0.695727653E-08     0.457672233E-10
     0.750000000E+00     0.318509683E+00     0.693529678E-08     0.454377508E-10
     0.750000000E+00     0.323980048E+00     0.691449098E-08     0.451271104E-10
     0.750000000E+00     0.329561814E+00     0.689481117E-08     0.448343914E-10
     0.750000000E+00     0.335257336E+00     0.687620982E-08     0.445586970E-10
     0.750000000E+00     0.341068878E+00     0.685863988E-08     0.442991668E-10
     0.750000000E+00     0.346998796E+00     0.684205603E-08     0.440549784E-10
     0.750000000E+00     0.353049561E+00     0.682641321E-08     0.438253427E-10
     0.750000000E+00     0.359223589E+00     0.681166834E-08     0.436095049E-10
     0.750000000E+00     0.365523383E+00     0.679777923E-08     0.434067417E-10
     0.750000000E+00     0.371951535E+00     0.678470546E-08     0.432163610E-10
     0.750000000E+00     0.378510639E+00     0.677240708E-08     0.430376967E-10
     0.750000000E+00     0.385203376E+00     0.676084633E-08     0.428701189E-10
     0.750000000E+00     0.392032489E+00     0.674998568E-08     0.427130224E-10
     0.750000000E+00     0.399000689E+00     0.673978962E-08     0.425658311E-10
     0.750000000E+00     0.406110897E+00     0.673022371E-08     0.424279917E-10
     0.750000000E+00     0.413365915E+00     0.672125511E-08     0.422989803E-10
     0.750000000E+00     0.420768782E+00     0.671285161E-08     0.421782921E-10
     0.750000000E+00     0.428322419E+00     0.670498301E-08     0.420654535E-10
     0.750000000E+00     0.436029985E+00     0.669761957E-08     0.419600084E-10
     0.750000000E+00     0.443894580E+00     0.669073308E-08     0.418615247E-10
     0.750000000E+00     0.451919362E+00     0.668429689E-08     0.417695930E-10
     0.750000000E+00     0.460107669E+00     0.667828548E-08     0.416838213E-10
     0.750000000E+00     0.468462780E+00     0.667267375E-08     0.416038384E-10
     0.750000000E+00     0.476988122E+00     0.666743860E-08     0.415292956E-10
     0.750000000E+00     0.485687121E+00     0.666255762E-08     0.414598564E-10
     0.750000000E+00     0.494563386E+00     0.665800926E-08     0.413952032E-10
     0.750000000E+00     0.503620460E+00     0.665377398E-08     0.413350430E-10
     0.750000000E+00     0.512862041E+00     0.664983202E-08     0.412790878E-10
     0.750000000E+00     0.522291913E+00     0.664616495E-08     0.412270704E-10
     0.750000000E+00     0.531913951E+00     0.664275612E-08     0.411787410E-10
     0.750000000E+00     0.541731968E+00     0.663958866E-08     0.411338585E-10
     0.750000000E+00     0.551749959E+00     0.663664745E-08     0.410921991E-10
     0.750000000E+00     0.561972156E+00     0.663391742E-08     0.410535477E-10
     0.750000000E+00     0.572402551E+00     0.663138522E-08     0.410177083E-10
     0.750000000E+00     0.583045438E+00     0.662903732E-08     0.409844918E-10
     0.750000000E+00     0.593905165E+00     0.662686173E-08     0.409537196E-10
     0.750000000E+00     0.604986086E+00     0.662484689E-08     0.409252267E-10
     0.750000000E+00     0.616292849E+00     0.662298172E-08     0.408988555E-10
     0.750000000E+00     0.627829924E+00     0.662125599E-08     0.408744618E-10
     0.750000000E+00     0.639602020E+00     0.661966015E-08     0.408519052E-10
     0.750000000E+00     0.651613965E+00     0.661818533E-08     0.408310573E-10
     0.750000000E+00     0.663870647E+00     0.661682242E-08     0.408118001E-10
     0.750000000E+00     0.676377013E+00     0.661556432E-08     0.407940157E-10
     0.750000000E+00     0.689138189E+00     0.661440303E-08     0.407776018E-10
     0.750000000E+00     0.702159300E+00     0.661333166E-08     0.407624594E-10
     0.750000000E+00     0.715445771E+00     0.661234401E-08     0.407484966E-10
     0.750000000E+00     0.729002848E+00     0.661143340E-08     0.407356232E-10
     0.750000000E+00     0.742836192E+00     0.661059474E-08     0.407237646E-10
     0.750000000E+00     0.756951287E+00     0.660982269E-08     0.407128428E-10
     0.750000000E+00     0.771353975E+00     0.660911192E-08     0.407027866E-10
     0.750000000E+00     0.786050155E+00     0.660845800E-08     0.406935319E-10
     0.750000000E+00     0.801045671E+00     0.660785671E-08     0.406850196E-10
     0.750000000E+00     0.816346720E+00     0.660730426E-08     0.406771943E-10
     0.750000000E+00     0.831959441E+00     0.660679667E-08     0.406700004E-10
     0.750000000E+00     0.847890332E+00     0.660633037E-08     0.406633893E-10
     0.750000000E+00     0.864145711E+00     0.660590249E-08     0.406573213E-10
     0.750000000E+00     0.880732253E+00     0.660550992E-08     0.406517476E-10
     0.750000000E+00     0.897656753E+00     0.660514976E-08     0.406466319E-10
     0.750000000E+00     0.914926067E+00     0.660481958E-08     0.406419412E-10
     0.750000000E+00     0.932547167E+00     0.660451738E-08     0.406376391E-10
     0.750000000E+00     0.950527265E+00     0.660424004E-08     0.406336961E-10
     0.750000000E+00     0.968873694E+00     0.660398669E-08     0.406300826E-10
     0.750000000E+00     0.987593904E+00     0.660375465E-08     0.406267710E-10
     0.750000000E+00     0.100669552E+01     0.660354238E-08     0.406237405E-10
     0.750000000E+00     0.102618624E+01     0.660334853E-08     0.406209667E-10
     0.750000000E+00     0.104607405E+01     0.660317134E-08     0.406184288E-10
     0.750000000E+00     0.106636704E+01     0.660300947E-08     0.406161060E-10
     0.750000000E+00     0.108707346E+01     0.660286181E-08     0.406139861E-10
     0.750000000E+00     0.110820176E+01     0.660272703E-08     0.406120467E-10
     0.750000000E+00     0.112976040E+01     0.660260424E-08     0.406102738E-10
     0.750000000E+00     0.115175833E+01     0.660249233E-08     0.406086553E-10
     0.750000000E+00     0.117420448E+01     0.660239041E-08     0.406071773E-10
     0.750000000E+00     0.119710793E+01     0.660229760E-08     0.406058312E-10
     0.750000000E+00     0.122047783E+01     0.660221344E-08     0.406046013E-10
     0.750000000E+00     0.124432398E+01     0.660213684E-08     0.406034806E-10
     0.750000000E+00     0.126865591E+01     0.660206711E-08     0.406024606E-10
     0.750000000E+00     0.129348363E+01     0.660200405E-08     0.406015308E-10
     0.750000000E+00     0.131881703E+01     0.660194677E-08     0.406006843E-10
     0.750000000E+00     0.134466661E+01     0.660189503E-08     0.405999141E-10
     0.750000000E+00     0.137104286E+01     0.660184796E-08     0.405992132E-10
     0.750000000E+00     0.139795639E+01     0.660180555E-08     0.405985766E-10
     0.750000000E+00     0.142541827E+01     0.660176758E-08     0.405979989E-10
     0.750000000E+00     0.145343973E+01     0.660173294E-08     0.405974733E-10
     0.750000000E+00     0.148203196E+01     0.660170207E-08     0.405969980E-10
     0.750000000E+00     0.151120664E+01     0.660167410E-08     0.405965660E-10
     0.750000000E+00     0.154097582E+01     0.660164900E-08     0.405961757E-10
     0.750000000E+00     0.157135142E+01     0.660162680E-08     0.405958236E-10
     0.750000000E+00     0.160234584E+01     0.660160682E-08     0.405955027E-10
     0.750000000E+00     0.163397182E+01     0.660158883E-08     0.405952147E-10
     0.750000000E+00     0.166624202E+01     0.660157307E-08     0.405949545E-10
     0.750000000E+00     0.169916965E+01     0.660155908E-08     0.405947186E-10
     0.750000000E+00     0.173276819E+01     0.660154664E-08     0.405945087E-10
     0.750000000E+00     0.176705112E+01     0.660153576E-08     0.405943178E-10
     0.750000000E+00     0.180203260E+01     0.660152644E-08     0.405941478E-10
     0.750000000E+00     0.183772673E+01     0.660151800E-08     0.405939952E-10
     0.750000000E+00     0.187414803E+01     0.660151089E-08     0.405938581E-10
     0.750000000E+00     0.191131140E+01     0.660150490E-08     0.405937367E-10
     0.750000000E+00     0.194923176E+01     0.660149979E-08     0.405936292E-10
     0.750000000E+00     0.198792483E+01     0.660149557E-08     0.405935320E-10
     0.750000000E+00     0.202740623E+01     0.660149202E-08     0.405934470E-10
     0.750000000E+00     0.206769182E+01     0.660148891E-08     0.405933724E-10
     0.750000000E+00     0.210879804E+01     0.660148669E-08     0.405933065E-10
     0.750000000E+00     0.215074207E+01     0.660148536E-08     0.405932492E-10
     0.750000000E+00     0.219354035E+01     0.660148403E-08     0.405932007E-10
     0.750000000E+00     0.223721077E+01     0.660148336E-08     0.405931573E-10
     0.750000000E+00     0.228177072E+01     0.660148314E-08     0.405931209E-10
     0.750000000E+00     0.232723857E+01     0.660148314E-08     0.405930897E-10
     0.750000000E+00     0.237363268E+01     0.660148358E-08     0.405930636E-10
     0.750000000E+00     0.242097188E+01     0.660148447E-08     0.405930411E-10
     0.750000000E+00     0.246927573E+01     0.660148536E-08     0.405930237E-10
     0.750000000E+00     0.251856352E+01     0.660148669E-08     0.405930116E-10
     0.750000000E+00     0.256885554E+01     0.660148824E-08     0.405930012E-10
     0.750000000E+00     0.262017204E+01     0.660149002E-08     0.405929942E-10
     0.750000000E+00     0.267253424E+01     0.660149180E-08     0.405929908E-10
     0.750000000E+00     0.272596289E+01     0.660149380E-08     0.405929890E-10
     0.750000000E+00     0.278048040E+01     0.660149579E-08     0.405929890E-10
     0.750000000E+00     0.283610822E+01     0.660149801E-08     0.405929908E-10
     0.750000000E+00     0.289286973E+01     0.660150024E-08     0.405929942E-10
     0.750000000E+00     0.295078732E+01     0.660150268E-08     0.405930012E-10
     0.750000000E+00     0.300988509E+01     0.660150512E-08     0.405930081E-10
     0.750000000E+00     0.307018663E+01     0.660150756E-08     0.405930151E-10
     0.750000000E+00     0.313171698E+01     0.660151001E-08     0.405930220E-10
     0.750000000E+00     0.319450070E+01     0.660151245E-08     0.405930324E-10
     0.750000000E+00     0.325856353E+01     0.660151511E-08     0.405930428E-10
     0.750000000E+00     0.332393147E+01     0.660151733E-08     0.405930532E-10
     0.750000000E+00     0.339063121E+01     0.660152000E-08     0.405930654E-10
     0.750000000E+00     0.345868994E+01     0.660152244E-08     0.405930758E-10
     0.750000000E+00     0.352813508E+01     0.660152488E-08     0.405930879E-10
     0.750000000E+00     0.359899498E+01     0.660152733E-08     0.405931001E-10
     0.750000000E+00     0.367129852E+01     0.660152954E-08     0.405931122E-10
     0.750000000E+00     0.374507524E+01     0.660153177E-08     0.405931226E-10
     0.750000000E+00     0.382035495E+01     0.660153399E-08     0.405931348E-10
     0.750000000E+00     0.389716817E+01     0.660153598E-08     0.405931469E-10
     0.750000000E+00     0.397554661E+01     0.660153798E-08     0.405931573E-10
     0.750000000E+00     0.405552150E+01     0.660153998E-08     0.405931677E-10
     0.750000000E+00     0.413712598E+01     0.660154176E-08     0.405931764E-10
     0.750000000E+00     0.422039272E+01     0.660154331E-08     0.405931868E-10
     0.750000000E+00     0.430535604E+01     0.660154464E-08     0.405931955E-10
     0.750000000E+00     0.439205028E+01     0.660154620E-08     0.405932041E-10
     0.750000000E+00     0.448051120E+01     0.660154753E-08     0.405932111E-10
     0.750000000E+00     0.457077362E+01     0.660154842E-08     0.405932163E-10
     0.750000000E+00     0.466287519E+01     0.660154931E-08     0.405932232E-10
     0.750000000E+00     0.475685312E+01     0.660155019E-08     0.405932267E-10
     0.750000000E+00     0.485274602E+01     0.660155086E-08     0.405932284E-10
     0.750000000E+00     0.495059206E+01     0.660155131E-08     0.405932319E-10
