x,cf,cp
2.780639759E-16, 2.099938877E-02,  6.347700208E-02
7.999999798E-04, 1.480161957E-02,  3.500699997E-02
1.606264967E-03, 7.898731157E-03,  2.367299981E-02
2.418837277E-03, 6.722596008E-03,  2.589900047E-02
3.237759229E-03, 5.987591576E-03,  2.532999963E-02
4.063073546E-03, 5.445454270E-03,  2.578300051E-02
4.894822836E-03, 5.026073661E-03,  2.618199959E-02
5.733050406E-03, 4.687803332E-03,  2.689700015E-02
6.577799562E-03, 4.408191424E-03,  2.782999910E-02
7.429112680E-03, 4.172356799E-03,  2.887599915E-02
8.287033997E-03, 3.970737103E-03,  2.980899997E-02
9.151606821E-03, 3.796770005E-03,  3.047700040E-02
1.002287492E-02, 3.646246390E-03,  3.086099960E-02
1.090088207E-02, 3.517032834E-03,  3.103099950E-02
1.178567298E-02, 3.409542609E-03,  3.106700070E-02
1.267729141E-02, 3.327521263E-03,  3.104300052E-02
1.357578207E-02, 3.278415417E-03,  3.100099973E-02
1.448118873E-02, 3.272150643E-03,  3.096199967E-02
1.539355703E-02, 3.317756578E-03,  3.093899973E-02
1.631293073E-02, 3.418761771E-03,  3.092700057E-02
1.723935641E-02, 3.569547320E-03,  3.092700057E-02
1.817287691E-02, 3.754766891E-03,  3.093600087E-02
1.911354065E-02, 3.952762578E-03,  3.094800003E-02
2.006139047E-02, 4.142127465E-03,  3.096500039E-02
2.101647109E-02, 4.308216739E-03,  3.098299913E-02
2.197883092E-02, 4.445581697E-03,  3.100099973E-02
2.294851467E-02, 4.555535037E-03,  3.101900034E-02
2.392556891E-02, 4.642147571E-03,  3.103999980E-02
2.491003834E-02, 4.709689412E-03,  3.106099926E-02
2.590196952E-02, 4.761714023E-03,  3.108200058E-02
2.690140903E-02, 4.800959490E-03,  3.110300004E-02
2.790840343E-02, 4.829597194E-03,  3.112599999E-02
2.892299928E-02, 4.849467427E-03,  3.115300089E-02
2.994524129E-02, 4.862187896E-03,  3.118300065E-02
3.097517975E-02, 4.869169090E-03,  3.121599928E-02
3.201285750E-02, 4.871608224E-03,  3.124899976E-02
3.305832669E-02, 4.870489705E-03,  3.128699958E-02
3.411163017E-02, 4.866597708E-03,  3.132599965E-02
3.517281637E-02, 4.860546906E-03,  3.136799857E-02
3.624192998E-02, 4.852808081E-03,  3.141200170E-02
3.731902316E-02, 4.843744449E-03,  3.145699948E-02
3.840414062E-02, 4.833635408E-03,  3.150799870E-02
3.949733078E-02, 4.822701216E-03,  3.155900165E-02
4.059864208E-02, 4.811113700E-03,  3.161200136E-02
4.170811921E-02, 4.799005110E-03,  3.166899830E-02
4.282581061E-02, 4.786475562E-03,  3.172500059E-02
4.395176470E-02, 4.773596767E-03,  3.178799897E-02
4.508602992E-02, 4.760418087E-03,  3.185100108E-02
4.622865468E-02, 4.746969789E-03,  3.191300109E-02
4.737968370E-02, 4.733275156E-03,  3.197899833E-02
4.853916913E-02, 4.719351418E-03,  3.204699978E-02
4.970715567E-02, 4.705210216E-03,  3.211899847E-02
5.088369548E-02, 4.690862261E-03,  3.218999878E-02
5.206883326E-02, 4.676317330E-03,  3.226500005E-02
5.326262116E-02, 4.661584273E-03,  3.234200180E-02
5.446510017E-02, 4.646674730E-03,  3.241999820E-02
5.567632616E-02, 4.631600343E-03,  3.249999881E-02
5.689634383E-02, 4.616377875E-03,  3.258400038E-02
5.812519789E-02, 4.601027351E-03,  3.266699985E-02
5.936294422E-02, 4.585570190E-03,  3.275400028E-02
6.060962752E-02, 4.570026416E-03,  3.284300119E-02
6.186529621E-02, 4.554416519E-03,  3.293199837E-02
6.312999874E-02, 4.538760055E-03,  3.302500024E-02
6.440377980E-02, 4.523074720E-03,  3.311999887E-02
6.568669528E-02, 4.507377744E-03,  3.321599960E-02
6.697878242E-02, 4.491683561E-03,  3.331400082E-02
6.828010082E-02, 4.476006608E-03,  3.341500089E-02
6.959069520E-02, 4.460364114E-03,  3.351999819E-02
7.091061771E-02, 4.444771446E-03,  3.362400085E-02
7.223990560E-02, 4.429245368E-03,  3.373099864E-02
7.357861102E-02, 4.413798451E-03,  3.384099901E-02
7.492678612E-02, 4.398441408E-03,  3.395200148E-02
7.628447562E-02, 4.383182153E-03,  3.406500071E-02
7.765173167E-02, 4.368028138E-03,  3.418099880E-02
7.902859896E-02, 4.352980759E-03,  3.429999948E-02
8.041512221E-02, 4.338038620E-03,  3.441999853E-02
8.181135356E-02, 4.323198460E-03,  3.454500064E-02
8.321733773E-02, 4.308457952E-03,  3.466700017E-02
8.463312685E-02, 4.293817561E-03,  3.479500115E-02
8.605875820E-02, 4.279279616E-03,  3.492600098E-02
8.749429882E-02, 4.264847841E-03,  3.505700082E-02
8.893977106E-02, 4.250526428E-03,  3.519099951E-02
9.039524198E-02, 4.236319568E-03,  3.532899916E-02
9.186074883E-02, 4.222230054E-03,  3.546899930E-02
9.333634377E-02, 4.208259284E-03,  3.560899943E-02
9.482206404E-02, 4.194407258E-03,  3.575500101E-02
9.631796926E-02, 4.180673044E-03,  3.590099886E-02
9.782408923E-02, 4.167058505E-03,  3.605299816E-02
9.934049100E-02, 4.153564572E-03,  3.620500118E-02
1.008672044E-01, 4.140192177E-03,  3.635999933E-02
1.024042815E-01, 4.126940388E-03,  3.652099892E-02
1.039517671E-01, 4.113808740E-03,  3.668199852E-02
1.055097058E-01, 4.100795835E-03,  3.684499860E-02
1.070781425E-01, 4.087900277E-03,  3.701199964E-02
1.086571217E-01, 4.075121135E-03,  3.718499839E-02
1.102466956E-01, 4.062455613E-03,  3.735800087E-02
1.118469015E-01, 4.049900919E-03,  3.753399849E-02
1.134577915E-01, 4.037453793E-03,  3.771600127E-02
1.150793955E-01, 4.025113303E-03,  3.790000081E-02
1.167117655E-01, 4.012878519E-03,  3.808499873E-02
1.183549538E-01, 4.000749439E-03,  3.827600181E-02
1.200089902E-01, 3.988724202E-03,  3.847000003E-02
1.216739267E-01, 3.976801410E-03,  3.866900131E-02
1.233498007E-01, 3.964978270E-03,  3.886900097E-02
1.250366569E-01, 3.953252919E-03,  3.907499835E-02
1.267345399E-01, 3.941623494E-03,  3.928299993E-02
1.284434944E-01, 3.930088133E-03,  3.949800134E-02
1.301635504E-01, 3.918643575E-03,  3.971200064E-02
1.318947524E-01, 3.907286562E-03,  3.993599862E-02
1.336371601E-01, 3.896014998E-03,  4.015899822E-02
1.353907883E-01, 3.884826088E-03,  4.038900137E-02
1.371556818E-01, 3.873719135E-03,  4.062100127E-02
1.389319003E-01, 3.862693207E-03,  4.086000100E-02
1.407194734E-01, 3.851746442E-03,  4.110100120E-02
1.425184160E-01, 3.840876510E-03,  4.134900123E-02
1.443288028E-01, 3.830081783E-03,  4.160200059E-02
1.461506635E-01, 3.819360165E-03,  4.185799882E-02
1.479840279E-01, 3.808709560E-03,  4.211699963E-02
1.498289257E-01, 3.798127873E-03,  4.238599911E-02
1.516854167E-01, 3.787612775E-03,  4.265699908E-02
1.535535157E-01, 3.777160775E-03,  4.293400049E-02
1.554332823E-01, 3.766768845E-03,  4.321400076E-02
1.573247313E-01, 3.756433958E-03,  4.350300133E-02
1.592279077E-01, 3.746154951E-03,  4.379500076E-02
1.611428410E-01, 3.735930659E-03,  4.409300163E-02
1.630695611E-01, 3.725759685E-03,  4.439700022E-02
1.650081277E-01, 3.715640400E-03,  4.470999911E-02
1.669585407E-01, 3.705570707E-03,  4.502600059E-02
1.689208597E-01, 3.695548279E-03,  4.535099864E-02
1.708951145E-01, 3.685571253E-03,  4.567899927E-02
1.728813201E-01, 3.675637301E-03,  4.601600021E-02
1.748795062E-01, 3.665744094E-03,  4.635800049E-02
1.768897325E-01, 3.655889304E-03,  4.670999944E-02
1.789119989E-01, 3.646069905E-03,  4.706799984E-02
1.809463501E-01, 3.636282403E-03,  4.743099958E-02
1.829928160E-01, 3.626524005E-03,  4.780400172E-02
1.850514114E-01, 3.616792848E-03,  4.818499833E-02
1.871221811E-01, 3.607087303E-03,  4.857299849E-02
1.892051548E-01, 3.597405739E-03,  4.896900058E-02
1.913003325E-01, 3.587746294E-03,  4.937399924E-02
1.934077740E-01, 3.578106640E-03,  4.978600144E-02
1.955274791E-01, 3.568484215E-03,  5.020900071E-02
1.976594776E-01, 3.558876691E-03,  5.064100027E-02
1.998037994E-01, 3.549281741E-03,  5.108200014E-02
2.019604743E-01, 3.539696336E-03,  5.153200030E-02
2.041295022E-01, 3.530117916E-03,  5.199100077E-02
2.063109279E-01, 3.520543221E-03,  5.246200040E-02
2.085047662E-01, 3.510968527E-03,  5.294499919E-02
2.107110322E-01, 3.501389874E-03,  5.343599990E-02
2.129297554E-01, 3.491804469E-03,  5.393999815E-02
2.151609361E-01, 3.482210217E-03,  5.445599928E-02
2.174046040E-01, 3.472604789E-03,  5.498300120E-02
2.196607888E-01, 3.462985391E-03,  5.552300066E-02
2.219294906E-01, 3.453348763E-03,  5.607400090E-02
2.242107242E-01, 3.443691181E-03,  5.663999915E-02
2.265045196E-01, 3.434009152E-03,  5.721800029E-02
2.288108766E-01, 3.424299415E-03,  5.781099945E-02
2.311298251E-01, 3.414558014E-03,  5.841900036E-02
2.334613651E-01, 3.404780291E-03,  5.904199928E-02
2.358054966E-01, 3.394961357E-03,  5.967999995E-02
2.381622493E-01, 3.385095624E-03,  6.033600122E-02
2.405316383E-01, 3.375177737E-03,  6.100599840E-02
2.429136485E-01, 3.365203738E-03,  6.169499829E-02
2.453083098E-01, 3.355169436E-03,  6.240100041E-02
2.477156222E-01, 3.345070640E-03,  6.312800199E-02
2.501356006E-01, 3.334901761E-03,  6.387300044E-02
2.525682449E-01, 3.324656747E-03,  6.463599950E-02
2.550135255E-01, 3.314329544E-03,  6.542299688E-02
2.574715018E-01, 3.303913400E-03,  6.623099744E-02
2.599421442E-01, 3.293401096E-03,  6.706199795E-02
2.624254823E-01, 3.282784251E-03,  6.791699678E-02
2.649214864E-01, 3.272053087E-03,  6.879699975E-02
2.674301565E-01, 3.261198057E-03,  6.970299780E-02
2.699515224E-01, 3.250210080E-03,  7.063499838E-02
2.724855542E-01, 3.239080310E-03,  7.159499824E-02
2.750322521E-01, 3.227798268E-03,  7.258699834E-02
2.775916159E-01, 3.216352314E-03,  7.361000031E-02
2.801636457E-01, 3.204728710E-03,  7.466500252E-02
2.827483416E-01, 3.192912554E-03,  7.575500011E-02
2.853456736E-01, 3.180885687E-03,  7.688199729E-02
2.879556417E-01, 3.168627387E-03,  7.804699987E-02
2.905782461E-01, 3.156115068E-03,  7.925400138E-02
2.932134569E-01, 3.143332200E-03,  8.050599694E-02
2.958613038E-01, 3.130275756E-03,  8.180200309E-02
2.985217273E-01, 3.116948763E-03,  8.315200359E-02
3.011947274E-01, 3.103296505E-03,  8.455599844E-02
3.038803041E-01, 3.089211415E-03,  8.601599932E-02
3.065784574E-01, 3.074656706E-03,  8.754199743E-02
3.092890978E-01, 3.059688723E-03,  8.913700283E-02
3.120122850E-01, 3.044389421E-03,  9.080000222E-02
3.147479594E-01, 3.028843086E-03,  9.253399819E-02
3.174961209E-01, 3.013110952E-03,  9.434299916E-02
3.202567399E-01, 2.997170668E-03,  9.622699767E-02
3.230297565E-01, 2.980859485E-03,  9.818200022E-02
3.258152306E-01, 2.963934792E-03,  1.002100036E-01
3.286130428E-01, 2.946258523E-03,  1.023100019E-01
3.314232230E-01, 2.927949652E-03,  1.044799984E-01
3.342457414E-01, 2.909332048E-03,  1.067299992E-01
3.370805681E-01, 2.890612930E-03,  1.090399995E-01
3.399276435E-01, 2.871766686E-03,  1.114099994E-01
3.427869678E-01, 2.852762351E-03,  1.138499975E-01
3.456584811E-01, 2.833656035E-03,  1.163399965E-01
3.485421836E-01, 2.814525738E-03,  1.188900024E-01
3.514380157E-01, 2.795395907E-03,  1.215000004E-01
3.543459177E-01, 2.776243957E-03,  1.241400018E-01
3.572659194E-01, 2.757136477E-03,  1.268199980E-01
3.601979017E-01, 2.738181036E-03,  1.295399964E-01
3.631418645E-01, 2.719338983E-03,  1.323000044E-01
3.660977483E-01, 2.700604964E-03,  1.350599974E-01
3.690654933E-01, 2.682231367E-03,  1.378500015E-01
3.720450699E-01, 2.664207015E-03,  1.406600028E-01
3.750364482E-01, 2.646337030E-03,  1.434600055E-01
3.780395389E-01, 2.628996968E-03,  1.462399960E-01
3.810542822E-01, 2.612199401E-03,  1.490499973E-01
3.840806186E-01, 2.595734550E-03,  1.518200040E-01
3.871185184E-01, 2.579977270E-03,  1.545500010E-01
3.901678622E-01, 2.564765746E-03,  1.572799981E-01
3.932286203E-01, 2.550203586E-03,  1.599300057E-01
3.963007331E-01, 2.536518266E-03,  1.625699997E-01
3.993840814E-01, 2.523493720E-03,  1.651300043E-01
4.024785757E-01, 2.511362778E-03,  1.676100045E-01
4.055841863E-01, 2.500108443E-03,  1.700399965E-01
4.087007940E-01, 2.489767037E-03,  1.723700017E-01
4.118283093E-01, 2.480443800E-03,  1.746200025E-01
4.149666429E-01, 2.472127089E-03,  1.767600030E-01
4.181156456E-01, 2.464925637E-03,  1.787900031E-01
4.212752879E-01, 2.458822448E-03,  1.807000041E-01
4.244453907E-01, 2.453918336E-03,  1.824800074E-01
4.276258647E-01, 2.450198401E-03,  1.841499954E-01
4.308166206E-01, 2.447738079E-03,  1.856400073E-01
4.340174794E-01, 2.446594881E-03,  1.870100051E-01
4.372283220E-01, 2.446729224E-03,  1.881799996E-01
4.404490292E-01, 2.448337618E-03,  1.892099977E-01
4.436794519E-01, 2.451271052E-03,  1.900600046E-01
4.469194710E-01, 2.455624053E-03,  1.906799972E-01
4.501688778E-01, 2.461479744E-03,  1.911700070E-01
4.534275532E-01, 2.468729159E-03,  1.913899928E-01
4.566953778E-01, 2.477621427E-03,  1.914300025E-01
4.599721134E-01, 2.488013590E-03,  1.912599951E-01
4.632576406E-01, 2.499864670E-03,  1.907999963E-01
4.665518105E-01, 2.513460815E-03,  1.901700050E-01
4.698544145E-01, 2.528662793E-03,  1.892800033E-01
4.731652737E-01, 2.545357216E-03,  1.880600005E-01
4.764842689E-01, 2.563786693E-03,  1.866600066E-01
4.798111618E-01, 2.583983354E-03,  1.849700063E-01
4.831458032E-01, 2.605714602E-03,  1.829500049E-01
4.864880145E-01, 2.629078925E-03,  1.806699932E-01
4.898376465E-01, 2.654353157E-03,  1.781300008E-01
4.931944907E-01, 2.681353129E-03,  1.752399951E-01
4.965583980E-01, 2.709880471E-03,  1.720100045E-01
4.999292195E-01, 2.740166849E-03,  1.685100049E-01
5.033067465E-01, 2.772390610E-03,  1.646800041E-01
5.066908002E-01, 2.806362696E-03,  1.604799926E-01
5.100812912E-01, 2.841867972E-03,  1.559299976E-01
5.134780407E-01, 2.879091771E-03,  1.510400027E-01
5.168808699E-01, 2.918306971E-03,  1.458300054E-01
5.202897191E-01, 2.959347796E-03,  1.402100027E-01
5.237043500E-01, 3.001999110E-03,  1.342000067E-01
5.271247625E-01, 3.046229947E-03,  1.278399974E-01
5.305507779E-01, 3.092233324E-03,  1.210800037E-01
5.339823365E-01, 3.140181769E-03,  1.139699966E-01
5.374191999E-01, 3.189883661E-03,  1.064200029E-01
5.408614874E-01, 3.241191385E-03,  9.845600277E-02
5.443089604E-01, 3.294097725E-03,  9.010799974E-02
5.477616787E-01, 3.348618979E-03,  8.134599775E-02
5.512195230E-01, 3.404862247E-03,  7.217299938E-02
5.546824932E-01, 3.462862689E-03,  6.259199977E-02
5.581504703E-01, 3.522460116E-03,  5.256899819E-02
5.616235137E-01, 3.583569778E-03,  4.211200029E-02
5.651015639E-01, 3.646171885E-03,  3.124600090E-02
5.685847402E-01, 3.710239893E-03,  1.995399967E-02
5.720728636E-01, 3.775751684E-03,  8.235200308E-03
5.755661130E-01, 3.842685604E-03,  -3.906199941E-03
5.790644884E-01, 3.911091015E-03,  -1.646799967E-02
5.825679898E-01, 3.980845213E-03,  -2.944999933E-02
5.860767365E-01, 4.051102791E-03,  -4.285499826E-02
5.895906687E-01, 4.119010642E-03,  -5.667100102E-02
5.931099653E-01, 4.180989694E-03,  -7.088699937E-02
5.966346264E-01, 4.247694742E-03,  -8.549600095E-02
6.001648307E-01, 4.335184116E-03,  -1.005000025E-01
6.037005186E-01, 4.429981578E-03,  -1.158699989E-01
6.072419286E-01, 4.511826206E-03,  -1.316100061E-01
6.107890606E-01, 4.585624207E-03,  -1.476999968E-01
6.143419743E-01, 4.659989849E-03,  -1.641300023E-01
6.179008484E-01, 4.735722672E-03,  -1.808699965E-01
6.214657426E-01, 4.812417552E-03,  -1.979099959E-01
6.250367761E-01, 4.889570177E-03,  -2.152300030E-01
6.286140084E-01, 4.966819659E-03,  -2.327899933E-01
6.321974993E-01, 5.043900572E-03,  -2.505800128E-01
6.357874274E-01, 5.120565183E-03,  -2.685700059E-01
6.393837333E-01, 5.196587183E-03,  -2.867200077E-01
6.429865360E-01, 5.271748640E-03,  -3.050000072E-01
6.465959549E-01, 5.345810670E-03,  -3.233700097E-01
6.502119303E-01, 5.418533925E-03,  -3.418000042E-01
6.538345814E-01, 5.489680450E-03,  -3.602499962E-01
6.574639082E-01, 5.558990873E-03,  -3.786599934E-01
6.610997915E-01, 5.626198370E-03,  -3.969900012E-01
6.647424102E-01, 5.691048689E-03,  -4.151999950E-01
6.683915854E-01, 5.753282458E-03,  -4.332300127E-01
6.720473170E-01, 5.812613294E-03,  -4.510200024E-01
6.757094860E-01, 5.868753418E-03,  -4.685299993E-01
6.793780923E-01, 5.921436939E-03,  -4.857000113E-01
6.830529571E-01, 5.970410071E-03,  -5.024600029E-01
6.867339015E-01, 6.015386432E-03,  -5.187699795E-01
6.904208660E-01, 6.056163926E-03,  -5.345500112E-01
6.941135526E-01, 6.092414260E-03,  -5.497400165E-01
6.978118420E-01, 6.123442203E-03,  -5.643299818E-01
7.015154362E-01, 6.149026100E-03,  -5.781400204E-01
7.052240968E-01, 6.169483997E-03,  -5.911499858E-01
7.089375854E-01, 6.184722763E-03,  -6.033800244E-01
7.126555443E-01, 6.194327027E-03,  -6.147199869E-01
7.163776159E-01, 6.198107265E-03,  -6.251299977E-01
7.201035023E-01, 6.195988506E-03,  -6.345599890E-01
7.238328457E-01, 6.187506486E-03,  -6.429899931E-01
7.275652289E-01, 6.172176450E-03,  -6.503400207E-01
7.313002348E-01, 6.150345784E-03,  -6.564800143E-01
7.350375056E-01, 6.122629624E-03,  -6.614900231E-01
7.387765050E-01, 6.088923663E-03,  -6.653599739E-01
7.425169349E-01, 6.049095187E-03,  -6.680499911E-01
7.462582588E-01, 6.003196351E-03,  -6.695200205E-01
7.500000000E-01, 5.950621795E-03,  -6.698700190E-01
7.537417412E-01, 5.891417153E-03,  -6.688899994E-01
7.574830651E-01, 5.826815031E-03,  -6.666200161E-01
7.612234950E-01, 5.757292267E-03,  -6.632500291E-01
7.649624944E-01, 5.682552233E-03,  -6.586999893E-01
7.686997652E-01, 5.602481309E-03,  -6.529899836E-01
7.724347711E-01, 5.516741425E-03,  -6.462000012E-01
7.761671543E-01, 5.425207317E-03,  -6.383000016E-01
7.798964977E-01, 5.328758154E-03,  -6.292700171E-01
7.836223841E-01, 5.228389520E-03,  -6.192499995E-01
7.873444557E-01, 5.124432035E-03,  -6.083199978E-01
7.910624146E-01, 5.017054733E-03,  -5.964800119E-01
7.947759032E-01, 4.906722344E-03,  -5.838199854E-01
7.984845638E-01, 4.793831147E-03,  -5.703600049E-01
8.021881580E-01, 4.678450059E-03,  -5.562300086E-01
8.058864474E-01, 4.560970701E-03,  -5.413900018E-01
8.095791340E-01, 4.442229867E-03,  -5.259100199E-01
8.132660985E-01, 4.322684836E-03,  -5.099400282E-01
8.169470429E-01, 4.202428740E-03,  -4.934999943E-01
8.206219077E-01, 4.081804771E-03,  -4.766699970E-01
8.242905140E-01, 3.961320966E-03,  -4.594900012E-01
8.279526830E-01, 3.841384081E-03,  -4.420300126E-01
8.316084146E-01, 3.722312395E-03,  -4.243499935E-01
8.352575898E-01, 3.604386235E-03,  -4.065000117E-01
8.389002085E-01, 3.487867070E-03,  -3.885399997E-01
8.425360918E-01, 3.372997744E-03,  -3.705300093E-01
8.461654186E-01, 3.260004101E-03,  -3.524999917E-01
8.497880697E-01, 3.149099415E-03,  -3.345200121E-01
8.534040451E-01, 3.040479496E-03,  -3.166199923E-01
8.570134640E-01, 2.934321761E-03,  -2.988399863E-01
8.606162667E-01, 2.830790589E-03,  -2.812300026E-01
8.642125726E-01, 2.730037551E-03,  -2.638199925E-01
8.678025007E-01, 2.632199787E-03,  -2.466499954E-01
8.713859916E-01, 2.537400695E-03,  -2.297299951E-01
8.749632239E-01, 2.445753664E-03,  -2.131099999E-01
8.785342574E-01, 2.357379999E-03,  -1.967999935E-01
8.820991516E-01, 2.272470854E-03,  -1.808300018E-01
8.856580257E-01, 2.191404114E-03,  -1.652200073E-01
8.892109394E-01, 2.114925999E-03,  -1.499699950E-01
8.927580714E-01, 2.043634187E-03,  -1.351200044E-01
8.962994814E-01, 1.973637380E-03,  -1.206599995E-01
8.998351693E-01, 1.900275704E-03,  -1.066000015E-01
9.033653736E-01, 1.829955145E-03,  -9.295900166E-02
9.068900347E-01, 1.769875060E-03,  -7.973500341E-02
9.104093313E-01, 1.716092811E-03,  -6.693200022E-02
9.139232635E-01, 1.664484385E-03,  -5.455200002E-02
9.174320102E-01, 1.615406713E-03,  -4.259299859E-02
9.209355116E-01, 1.569373184E-03,  -3.105000034E-02
9.244338870E-01, 1.526539912E-03,  -1.993099973E-02
9.279271364E-01, 1.486900379E-03,  -9.225900285E-03
9.314152598E-01, 1.450372860E-03,  1.073700027E-03
9.348984361E-01, 1.416865620E-03,  1.096799970E-02
9.383764863E-01, 1.386269811E-03,  2.047199942E-02
9.418495297E-01, 1.358530601E-03,  2.958299965E-02
9.453175068E-01, 1.333590830E-03,  3.832399845E-02
9.487804770E-01, 1.311298343E-03,  4.668899998E-02
9.522383213E-01, 1.291525667E-03,  5.467899889E-02
9.556910396E-01, 1.274162903E-03,  6.231800094E-02
9.591385126E-01, 1.259083510E-03,  6.961300224E-02
9.625808001E-01, 1.246261294E-03,  7.656600326E-02
9.660176635E-01, 1.235678908E-03,  8.320300281E-02
9.694492221E-01, 1.227186876E-03,  8.951199800E-02
9.728752375E-01, 1.220643171E-03,  9.549000114E-02
9.762956500E-01, 1.215919736E-03,  1.011800021E-01
9.797102809E-01, 1.213008771E-03,  1.065599993E-01
9.831191301E-01, 1.211944735E-03,  1.116700023E-01
9.865219593E-01, 1.212580944E-03,  1.164899990E-01
9.899187088E-01, 1.214745454E-03,  1.210099980E-01
9.933091998E-01, 1.218381105E-03,  1.252699941E-01
9.966932535E-01, 1.223542029E-03,  1.292700022E-01
1.000070810E+00, 1.230177935E-03,  1.330299973E-01
1.003441572E+00, 1.238091849E-03,  1.365099996E-01
1.006805539E+00, 1.247237902E-03,  1.397400051E-01
1.010162354E+00, 1.257691998E-03,  1.427499950E-01
1.013512015E+00, 1.269352972E-03,  1.455300003E-01
1.016854167E+00, 1.282054582E-03,  1.480399966E-01
1.020188808E+00, 1.295825350E-03,  1.503400058E-01
1.023515701E+00, 1.310686464E-03,  1.524499953E-01
1.026834726E+00, 1.326451078E-03,  1.543100029E-01
1.030145645E+00, 1.343115000E-03,  1.559399962E-01
1.033448219E+00, 1.360716647E-03,  1.574099958E-01
1.036742330E+00, 1.379073365E-03,  1.586499959E-01
1.040027857E+00, 1.398206223E-03,  1.596699953E-01
1.043304682E+00, 1.418075874E-03,  1.605399996E-01
1.046572447E+00, 1.438567997E-03,  1.611800045E-01
1.049831152E+00, 1.459739055E-03,  1.616500020E-01
1.053080559E+00, 1.481419196E-03,  1.619600058E-01
1.056320548E+00, 1.503622276E-03,  1.620499939E-01
1.059551001E+00, 1.526337699E-03,  1.620199978E-01
1.062771678E+00, 1.549433102E-03,  1.617899984E-01
1.065982580E+00, 1.572948648E-03,  1.614100039E-01
1.069183350E+00, 1.596753020E-03,  1.608899981E-01
1.072374105E+00, 1.620839932E-03,  1.601999998E-01
1.075554609E+00, 1.645157230E-03,  1.593900025E-01
1.078724742E+00, 1.669640653E-03,  1.584299952E-01
1.081884384E+00, 1.694270642E-03,  1.573500037E-01
1.085033417E+00, 1.718930784E-03,  1.561399996E-01
1.088171721E+00, 1.743585919E-03,  1.548099965E-01
1.091299176E+00, 1.768126851E-03,  1.533900052E-01
1.094415784E+00, 1.792571042E-03,  1.518500000E-01
1.097521424E+00, 1.816830714E-03,  1.502200067E-01
1.100615978E+00, 1.840901328E-03,  1.484899968E-01
1.103699327E+00, 1.864844002E-03,  1.466999948E-01
1.106771350E+00, 1.888413564E-03,  1.448300034E-01
1.109832168E+00, 1.911762054E-03,  1.428699940E-01
1.112881541E+00, 1.934760949E-03,  1.408800036E-01
1.115919352E+00, 1.957345288E-03,  1.388099939E-01
1.118945718E+00, 1.979684923E-03,  1.367200017E-01
1.121960521E+00, 2.001453424E-03,  1.345800012E-01
1.124963522E+00, 2.022798872E-03,  1.323900074E-01
1.127954960E+00, 2.043809276E-03,  1.301999986E-01
1.130934477E+00, 2.064181259E-03,  1.279799938E-01
1.133902311E+00, 2.084021689E-03,  1.257400066E-01
1.136858106E+00, 2.103422536E-03,  1.234999970E-01
1.139802098E+00, 2.122239210E-03,  1.212600023E-01
1.142734051E+00, 2.140437951E-03,  1.190200001E-01
1.145654082E+00, 2.158059971E-03,  1.167899966E-01
1.148561954E+00, 2.175095491E-03,  1.145799980E-01
1.151457787E+00, 2.191535430E-03,  1.124000028E-01
1.154341459E+00, 2.207396086E-03,  1.102299988E-01
1.157212973E+00, 2.222672105E-03,  1.080999970E-01
1.160072327E+00, 2.237332053E-03,  1.059999987E-01
1.162919402E+00, 2.251306549E-03,  1.039400026E-01
1.165754199E+00, 2.264505019E-03,  1.019200012E-01
1.168576717E+00, 2.276846208E-03,  9.994000196E-02
1.171386957E+00, 2.288282150E-03,  9.800600260E-02
1.174184799E+00, 2.298935782E-03,  9.612199664E-02
1.176970243E+00, 2.309089294E-03,  9.429199994E-02
1.179743290E+00, 2.318942221E-03,  9.250999987E-02
1.182503939E+00, 2.328537172E-03,  9.078499675E-02
1.185252070E+00, 2.337835031E-03,  8.911299706E-02
1.187987685E+00, 2.346782712E-03,  8.749199659E-02
1.190710902E+00, 2.355343895E-03,  8.592700213E-02
1.193421602E+00, 2.363499952E-03,  8.441299945E-02
1.196119666E+00, 2.371239243E-03,  8.295299858E-02
1.198805213E+00, 2.378563397E-03,  8.154299855E-02
1.201478243E+00, 2.385536674E-03,  8.017800003E-02
1.204138756E+00, 2.392262686E-03,  7.886099815E-02
1.206786513E+00, 2.398788463E-03,  7.758499682E-02
1.209421754E+00, 2.405105392E-03,  7.634799927E-02
1.212044358E+00, 2.411204623E-03,  7.514999807E-02
1.214654326E+00, 2.417088253E-03,  7.398799807E-02
1.217251658E+00, 2.422763966E-03,  7.285899669E-02
1.219836354E+00, 2.428240376E-03,  7.176200300E-02
1.222408414E+00, 2.433527261E-03,  7.069800049E-02
1.224967718E+00, 2.438633237E-03,  6.966099888E-02
1.227514505E+00, 2.443567850E-03,  6.865300238E-02
1.230048537E+00, 2.448339015E-03,  6.767299771E-02
1.232569814E+00, 2.452954184E-03,  6.671900302E-02
1.235078573E+00, 2.457419643E-03,  6.578899920E-02
1.237574458E+00, 2.461742610E-03,  6.488599628E-02
1.240057826E+00, 2.465928905E-03,  6.400399655E-02
1.242528439E+00, 2.469984116E-03,  6.314300001E-02
1.244986415E+00, 2.473914064E-03,  6.230600178E-02
1.247431755E+00, 2.477724105E-03,  6.148900092E-02
1.249864459E+00, 2.481418895E-03,  6.069000065E-02
1.252284408E+00, 2.485002857E-03,  5.991199985E-02
1.254691720E+00, 2.488480648E-03,  5.915300176E-02
1.257086396E+00, 2.491855994E-03,  5.841000006E-02
1.259468317E+00, 2.495133085E-03,  5.768600106E-02
1.261837721E+00, 2.498315414E-03,  5.697700009E-02
1.264194489E+00, 2.501406474E-03,  5.628599972E-02
1.266538620E+00, 2.504409524E-03,  5.560899898E-02
1.268870234E+00, 2.507328056E-03,  5.494700000E-02
1.271189094E+00, 2.510165097E-03,  5.430100113E-02
1.273495436E+00, 2.512923675E-03,  5.366899818E-02
1.275789261E+00, 2.515606582E-03,  5.304900184E-02
1.278070450E+00, 2.518216847E-03,  5.244399980E-02
1.280339241E+00, 2.520756563E-03,  5.185100064E-02
1.282595396E+00, 2.523228759E-03,  5.127000064E-02
1.284839034E+00, 2.525635529E-03,  5.070099980E-02
1.287070274E+00, 2.527978970E-03,  5.014299974E-02
1.289288998E+00, 2.530261176E-03,  4.959800094E-02
1.291495204E+00, 2.532484243E-03,  4.906399921E-02
1.293689013E+00, 2.534650499E-03,  4.853999987E-02
1.295870543E+00, 2.536761574E-03,  4.802700132E-02
1.298039556E+00, 2.538819099E-03,  4.752400145E-02
1.300196171E+00, 2.540825168E-03,  4.702899978E-02
1.302340508E+00, 2.542780945E-03,  4.654299840E-02
1.304472566E+00, 2.544688527E-03,  4.606899992E-02
1.306592226E+00, 2.546549309E-03,  4.560099915E-02
1.308699608E+00, 2.548365155E-03,  4.514500126E-02
1.310794830E+00, 2.550137229E-03,  4.469500110E-02
1.312877774E+00, 2.551866928E-03,  4.425400123E-02
1.314948559E+00, 2.553555882E-03,  4.382200167E-02
1.317007184E+00, 2.555205021E-03,  4.339899868E-02
1.319053650E+00, 2.556815976E-03,  4.297899827E-02
1.321087956E+00, 2.558389911E-03,  4.256999865E-02
1.323110223E+00, 2.559927758E-03,  4.216799885E-02
1.325120449E+00, 2.561430912E-03,  4.177200049E-02
1.327118635E+00, 2.562900074E-03,  4.138100147E-02
1.329104900E+00, 2.564336639E-03,  4.100000113E-02
1.331079125E+00, 2.565741539E-03,  4.062400013E-02
1.333041430E+00, 2.567115473E-03,  4.025499895E-02
1.334991932E+00, 2.568459604E-03,  3.989100084E-02
1.336930394E+00, 2.569774864E-03,  3.953399882E-02
1.338857174E+00, 2.571061952E-03,  3.918199986E-02
1.340772152E+00, 2.572322031E-03,  3.883599862E-02
1.342675328E+00, 2.573555801E-03,  3.849399835E-02
1.344566703E+00, 2.574763726E-03,  3.816000000E-02
1.346446514E+00, 2.575946972E-03,  3.782900050E-02
1.348314643E+00, 2.577106236E-03,  3.750399873E-02
1.350171089E+00, 2.578241983E-03,  3.718499839E-02
1.352015972E+00, 2.579355147E-03,  3.686900064E-02
1.353849292E+00, 2.580446424E-03,  3.655900061E-02
1.355671167E+00, 2.581516514E-03,  3.625499830E-02
1.357481599E+00, 2.582565881E-03,  3.595399857E-02
1.359280586E+00, 2.583595458E-03,  3.565600142E-02
1.361068130E+00, 2.584605478E-03,  3.536399826E-02
1.362844348E+00, 2.585596871E-03,  3.507800028E-02
1.364609241E+00, 2.586569870E-03,  3.479199857E-02
1.366362810E+00, 2.587525407E-03,  3.451500088E-02
1.368105292E+00, 2.588463947E-03,  3.423799947E-02
1.369836450E+00, 2.589385957E-03,  3.396699950E-02
1.371556520E+00, 2.590291901E-03,  3.369800001E-02
1.373265505E+00, 2.591182245E-03,  3.343300149E-02
1.374963284E+00, 2.592057455E-03,  3.317100182E-02
1.376650214E+00, 2.592917997E-03,  3.291499987E-02
1.378326058E+00, 2.593764337E-03,  3.266099840E-02
1.379991055E+00, 2.594597172E-03,  3.240799904E-02
1.381645083E+00, 2.595416736E-03,  3.216100112E-02
1.383288264E+00, 2.596223494E-03,  3.191599995E-02
1.384920597E+00, 2.597017912E-03,  3.167499974E-02
1.386542201E+00, 2.597800456E-03,  3.143600002E-02
1.388153076E+00, 2.598571358E-03,  3.120099939E-02
1.389753342E+00, 2.599331317E-03,  3.096799925E-02
1.391342878E+00, 2.600080334E-03,  3.073900007E-02
1.392921805E+00, 2.600818872E-03,  3.051199950E-02
1.394490242E+00, 2.601547400E-03,  3.028899990E-02
1.396048188E+00, 2.602266381E-03,  3.006500006E-02
1.397595763E+00, 2.602976048E-03,  2.984800003E-02
1.399132848E+00, 2.603676869E-03,  2.962999977E-02
1.400659561E+00, 2.604368841E-03,  2.941600047E-02
1.402175903E+00, 2.605052665E-03,  2.920399979E-02
1.403681993E+00, 2.605728572E-03,  2.899600007E-02
1.405177951E+00, 2.606396796E-03,  2.878700010E-02
1.406663656E+00, 2.607057802E-03,  2.858100086E-02
1.408139229E+00, 2.607711824E-03,  2.837900072E-02
1.409604788E+00, 2.608359093E-03,  2.817600034E-02
1.411060214E+00, 2.609000308E-03,  2.797899954E-02
1.412505746E+00, 2.609635470E-03,  2.778300084E-02
1.413941264E+00, 2.610264812E-03,  2.758600004E-02
1.415366888E+00, 2.610889031E-03,  2.739199996E-02
1.416782618E+00, 2.611507894E-03,  2.720100060E-02
1.418188691E+00, 2.612122102E-03,  2.701099962E-02
1.419584870E+00, 2.612731652E-03,  2.682299912E-02
1.420971394E+00, 2.613337245E-03,  2.663799934E-02
1.422348261E+00, 2.613938646E-03,  2.645299956E-02
1.423715472E+00, 2.614536555E-03,  2.626900002E-02
1.425073266E+00, 2.615131205E-03,  2.608699910E-02
1.426421404E+00, 2.615722828E-03,  2.590800077E-02
1.427760124E+00, 2.616311656E-03,  2.572900057E-02
1.429089427E+00, 2.616898157E-03,  2.555000037E-02
1.430409312E+00, 2.617482562E-03,  2.537499927E-02
1.431719899E+00, 2.618065337E-03,  2.519899979E-02
1.433021188E+00, 2.618646482E-03,  2.502599917E-02
1.434313297E+00, 2.619226696E-03,  2.485300042E-02
1.435596228E+00, 2.619805979E-03,  2.468300052E-02
1.436869979E+00, 2.620385028E-03,  2.451300062E-02
1.438134670E+00, 2.620963845E-03,  2.434300072E-02
1.439390421E+00, 2.621542895E-03,  2.417399921E-02
1.440637112E+00, 2.622122411E-03,  2.400700003E-02
1.441874743E+00, 2.622703090E-03,  2.384000085E-02
1.443103671E+00, 2.623284934E-03,  2.367600054E-02
1.444323659E+00, 2.623868641E-03,  2.350899950E-02
1.445534945E+00, 2.624454442E-03,  2.334499918E-02
1.446737409E+00, 2.625042805E-03,  2.318399958E-02
1.447931170E+00, 2.625633962E-03,  2.301999927E-02
1.449116349E+00, 2.626228612E-03,  2.285600081E-02
1.450292826E+00, 2.626827220E-03,  2.269499935E-02
1.451460838E+00, 2.627430251E-03,  2.253399976E-02
1.452620268E+00, 2.628038405E-03,  2.237300016E-02
1.453771353E+00, 2.628651680E-03,  2.221300080E-02
1.454913974E+00, 2.629271243E-03,  2.205500007E-02
1.456048250E+00, 2.629897557E-03,  2.189400047E-02
1.457174182E+00, 2.630530857E-03,  2.173300087E-02
1.458291888E+00, 2.631172538E-03,  2.157500014E-02
1.459401369E+00, 2.631822834E-03,  2.141400054E-02
1.460502625E+00, 2.632482676E-03,  2.125299908E-02
1.461595893E+00, 2.633152995E-03,  2.109500021E-02
1.462680936E+00, 2.633834956E-03,  2.093400061E-02
1.463758111E+00, 2.634529024E-03,  2.077299915E-02
1.464827180E+00, 2.635236830E-03,  2.061199956E-02
1.465888381E+00, 2.635959303E-03,  2.045099996E-02
1.466941714E+00, 2.636697842E-03,  2.029000036E-02
1.467987180E+00, 2.637454076E-03,  2.012600005E-02
1.469024777E+00, 2.638229169E-03,  1.996199973E-02
1.470054746E+00, 2.639025450E-03,  1.979899965E-02
1.471076965E+00, 2.639844781E-03,  1.963200048E-02
1.472091556E+00, 2.640689025E-03,  1.946499944E-02
1.473098636E+00, 2.641561208E-03,  1.929499954E-02
1.474098086E+00, 2.642463660E-03,  1.912499964E-02
1.475089908E+00, 2.643400105E-03,  1.895200089E-02
1.476074457E+00, 2.644373570E-03,  1.877900027E-02
1.477051497E+00, 2.645388478E-03,  1.860300079E-02
1.478021145E+00, 2.646449720E-03,  1.842200011E-02
1.478983521E+00, 2.647562651E-03,  1.823999919E-02
1.479938626E+00, 2.648733556E-03,  1.805200055E-02
1.480886459E+00, 2.649969887E-03,  1.786400005E-02
1.481827140E+00, 2.651280491E-03,  1.766799949E-02
1.482760668E+00, 2.652675845E-03,  1.747100055E-02
1.483687043E+00, 2.654168988E-03,  1.726499945E-02
1.484606385E+00, 2.655775053E-03,  1.705400087E-02
1.485518813E+00, 2.657513367E-03,  1.683299989E-02
1.486424208E+00, 2.659404185E-03,  1.660699956E-02
1.487322688E+00, 2.661470091E-03,  1.636799984E-02
1.488214374E+00, 2.663734136E-03,  1.611799933E-02
1.489099145E+00, 2.666230081E-03,  1.585300080E-02
1.489977121E+00, 2.669025678E-03,  1.557299960E-02
1.490848422E+00, 2.672269940E-03,  1.527499966E-02
1.491712928E+00, 2.676243661E-03,  1.496499963E-02
1.492570877E+00, 2.681344980E-03,  1.463100035E-02
1.493422151E+00, 2.687874716E-03,  1.426099986E-02
1.494266987E+00, 2.695419127E-03,  1.381700020E-02
1.495105147E+00, 2.701697405E-03,  1.323300041E-02
1.495936871E+00, 2.700890647E-03,  1.242200006E-02
1.496762276E+00, 2.681899117E-03,  1.136399992E-02
1.497581124E+00, 2.626742935E-03,  1.015700027E-02
1.498393774E+00, 2.513784682E-03,  9.209799580E-03
1.499199986E+00, 3.058874747E-03,  8.309699595E-03
1.500000000E+00, 3.682890674E-03,  9.609100409E-03
